7.140192450943363967e-02,1.053984271359087038e-01,9.918633659600628594e-01,-1.089109149955981709e-01,9.892796908836121172e-01,-9.728363582867421977e-02,-9.914838262781551226e-01,-1.010785079158820071e-01,8.211551294565612447e-02
1.493843545784193372e-01,2.491656045967980404e-01,-9.568703235512642236e-01,-1.382090562452485127e-01,-9.529670010993049889e-01,-2.697260676827415993e-01,-9.790723014052572504e-01,1.725409989008672984e-01,-1.079214173336512927e-01
7.098186535410123954e-02,9.916824916788443689e-01,-1.073657789451135797e-01,-5.902079341386944761e-02,1.116242922618119193e-01,9.919962516672362618e-01,-9.957299436773253687e-01,6.407693090877805697e-02,-6.645318795710293547e-02
1.253126367229677740e-01,9.505581835324558027e-01,-2.841406039217476143e-01,4.101637232413248013e-02,2.811896446281798578e-01,9.587752817815269335e-01,-9.912690857072591344e-01,1.318010753877076335e-01,3.751832583967130812e-03
1.320910689441018027e-01,9.869088563173987472e-02,-9.863123534653854829e-01,-2.286276328902437857e-02,-9.944631868313286160e-01,-1.025683386434030758e-01,-9.909738864167888517e-01,3.609818735754737745e-02,-1.291033590171255241e-01
2.979878221213798084e-01,9.422282273633969529e-01,-1.530007366877284003e-01,2.247966073581851298e-01,8.650712082438608008e-02,9.705580886103238880e-01,-9.277228805993775751e-01,3.236085375979840251e-01,1.860316403359582871e-01
2.765932513071628907e-01,7.834167438481103030e-02,-9.577884711072259805e-01,-3.038670365262708950e-01,-9.384039619670948573e-01,-1.645078365221581129e-01,-9.116803153759953648e-01,3.365421017035515883e-01,-2.357507504481836935e-01
-1.456973943969690211e-01,4.061134138458152298e-01,-9.021331189799161043e-01,-2.651406862808712850e-01,8.624778200365970093e-01,4.310828533164229315e-01,9.531383350513411568e-01,3.019998427804512775e-01,-1.798358184956315095e-02
-8.607467835480529794e-02,8.717504374067093220e-01,-4.823300992342564597e-01,3.120739075339556273e-02,-4.815301361856417772e-01,-8.758737504386133743e-01,9.957998034286216216e-01,9.044281522734791412e-02,-1.424249505072968693e-02
-7.638534441377692330e-02,-9.407150672964761373e-01,3.304851605143183102e-01,3.462689296793048516e-02,-3.337563903692992162e-01,-9.420231685956792500e-01,-9.964769226842016270e-01,6.051308989832002855e-02,-5.806813677725219253e-02
1.205503028677765154e-01,9.852287530532422011e-01,-1.216220729787191313e-01,9.821703848698372374e-02,-1.337516583697057337e-01,-9.861358462373224221e-01,9.878365440847660661e-01,-1.069336151100628296e-01,1.128900532826488112e-01
-8.258591852188483518e-02,-4.010231856781894533e-01,-9.123376406848577869e-01,9.913220507272686721e-02,-9.142302332768909023e-01,3.928815171014038432e-01,-9.916412516526907917e-01,-5.799556113184774903e-02,1.152568562372176808e-01
8.577983052363478966e-02,-9.763149838426949945e-01,-1.986224383084013723e-01,9.554077016654843879e-02,2.064991868584345469e-01,-9.737710444774931862e-01,-9.917226335580524577e-01,-6.455337443575975831e-02,-1.109913507334571309e-01
2.960048172479967099e-01,-9.541194884373448426e-01,-4.513479755177612213e-02,-5.094372049546369401e-03,4.567472822805464933e-02,-9.989433750592242589e-01,-9.551728616011874173e-01,-2.959219846266120668e-01,-8.659299928174794478e-03
1.332179086352739683e-01,-9.699052410801771718e-01,-2.038058197011262673e-01,-1.110987950377928524e-02,2.041643743612102657e-01,-9.788735765251335152e-01,-9.910244998970789698e-01,-1.326677487820580592e-01,-1.642282061174551999e-02
-5.855233356925879096e-02,-2.568550572220456574e-01,-9.646746103288165175e-01,-1.852818181777991235e-01,9.523389296400320836e-01,-2.423245983073261944e-01,9.809394844159976534e-01,1.645479950395558888e-01,-1.033522386895373013e-01
-1.504005266779377403e-01,-1.627483257140694695e-01,-9.751372539557014996e-01,8.916887071900533313e-01,4.036210823146375581e-01,-2.048933170723040154e-01,-4.269319981504431927e-01,9.003349401130823493e-01,-8.441602079488361166e-02
3.313513372531058654e-02,-5.444750547730583395e-02,9.979666988734164912e-01,1.430033471795913169e-01,9.884994109589623212e-01,4.918289569776981840e-02,-9.891673799759265195e-01,1.410828964867224533e-01,4.054023569834961510e-02
3.362232011059325676e-01,9.300670512891984210e-01,-1.480852428309280266e-01,8.868006334765175802e-02,1.252751136513281238e-01,9.881507942942227007e-01,-9.375978911040361297e-01,3.453714319480725714e-01,4.035800529513086654e-02
8.905319549227218301e-02,9.959510679591925264e-01,1.228814890694085622e-02,8.395086814094279704e-02,-1.979860959347605823e-02,9.962731888375533362e-01,-9.924826346647064312e-01,8.768971028067744367e-02,8.537408623167642985e-02
1.293833251193321487e-01,9.869710776378046724e-01,-9.564542376682534652e-02,1.452905160453686895e-01,7.654603834412070096e-02,9.864235246389307932e-01,-9.808927673952619886e-01,1.415231285701763209e-01,1.334937562261754307e-01
-1.706608397990453524e-02,9.721542181912862235e-01,-2.337197570392369750e-01,5.299632574444920058e-02,-2.325457007088305994e-01,-9.711405081343416068e-01,9.984488661094164108e-01,2.895985384507279367e-02,4.755195716364327141e-02
-1.701577110814204707e-01,3.926118848418545526e-01,9.038264552669713625e-01,4.208682622549060615e-02,-9.134697507636063696e-01,4.047242437736343068e-01,9.845176750154349676e-01,1.069061379005025736e-01,1.389101337606492848e-01
1.822952151068871207e-02,9.700833703208036063e-01,-2.420866356751684434e-01,-1.197950161018103976e-01,-2.382634695992914553e-01,-9.637840386578697682e-01,9.926312702422075418e-01,-4.657009428311200544e-02,-1.118677239234075887e-01
1.205547567388218048e-02,-2.230735748293816156e-01,-9.747270621661822121e-01,-5.331713935115133252e-01,8.232282404547114352e-01,-1.949962288323306703e-01,8.459213501545325142e-01,5.220473583217137836e-01,-1.090120407205217162e-01
7.713049162151494609e-02,9.770649824453820909e-01,1.984815037761164525e-01,-8.151605054479737697e-03,1.996858854721677290e-01,-9.798260552150226399e-01,9.969876822695753482e-01,-7.395652251290264767e-02,-2.336651836580276240e-02
-2.165059043661034938e-02,-8.608530567951770962e-01,-5.083928269951742962e-01,2.345539027293929227e-02,-5.088094238543779957e-01,8.605595940224710638e-01,9.994904184637740663e-01,-6.707071147341473437e-03,-3.120766886094254386e-02
4.962000541695384993e-03,9.573669313391407476e-01,2.888320226860225381e-01,9.363310518212937528e-03,2.887784354749682869e-01,-9.573501677133458010e-01,9.999438519070777964e-01,-7.454795966798302177e-03,7.531205104740358765e-03
-2.837092420269776705e-01,-9.044582918781128855e-01,3.185345573739278291e-01,-2.010177059758150031e-01,3.809000006648360914e-01,9.025004550568097583e-01,9.376038331154042949e-01,-1.920166340358411550e-01,2.898769814608382345e-01
-8.473853699608412116e-02,-5.355268650870832481e-01,-8.402561259031464669e-01,-3.736330305987600742e-01,7.988342899654721219e-01,-4.714468534426183299e-01,9.236978612042733294e-01,2.739977261682313703e-01,-2.677825746035200072e-01
5.428276737115915462e-02,-1.847942914766144140e-01,-9.812769491862045612e-01,-2.302596022619733951e-01,9.539235698052112022e-01,-1.923807124850094585e-01,9.716140677927046498e-01,2.363913974909795379e-01,9.230951173913301555e-03
-1.322233458866828026e-01,8.494938889190274400e-01,-5.107613136209098181e-01,-2.434767823023903655e-01,-5.273332898641843736e-01,-8.140262022076997228e-01,9.608517280424722085e-01,-1.672525306962961006e-02,-2.765578106428234206e-01
5.237820518732464459e-01,-8.484882881351148987e-01,-7.563059587887605018e-02,9.309850976626853070e-02,1.452696936734979294e-01,-9.850022251646481930e-01,-8.467496853348999153e-01,-5.088853908273947013e-01,-1.550826534068140139e-01
7.387390244439088205e-01,6.738906147280597780e-01,1.166589666932878362e-02,8.532327234315081887e-02,-1.106753117172953327e-01,9.901873128721332407e-01,-6.685690637176672224e-01,7.304946370492511054e-01,1.392587242579956530e-01
2.689657991274969212e-02,-9.551980492391742850e-01,-2.947427025706900738e-01,-7.394902620384635229e-03,2.946511807844138242e-01,-9.555762643962983915e-01,-9.996108689906447742e-01,-2.788132694164059677e-02,-8.615124730489562765e-04
-4.489492166478481483e-02,9.004699880093979258e-01,-4.325947834903560718e-01,-7.766001728988793096e-02,-4.348668250877861796e-01,-8.971397695747316270e-01,9.959685575977019756e-01,6.681701312044604525e-03,-8.945382688476520572e-02
3.745633003838578362e-02,-7.818806708278515025e-03,-9.992676766521141341e-01,9.160909273255209984e-01,-3.992167251893490310e-01,3.746223699886137848e-02,3.992172794505802202e-01,9.168232504636596447e-01,7.790455527569943410e-03
-1.399027590881167515e-01,2.167299978400332588e-02,-9.899280272221284704e-01,9.013930952859879886e-01,-4.109608830622636377e-01,-1.363878307013870750e-01,4.097776296606223112e-01,9.113953223892732325e-01,-3.795866905826426191e-02
2.982410239659016166e-02,-9.979197774507619911e-01,5.715453340601660270e-02,-6.043875969916550489e-02,5.527496227361686915e-02,9.966402735549455549e-01,9.977262546622015504e-01,3.317825068131244337e-02,5.866450749357520617e-02
2.393120035565490106e-03,9.933074092430808077e-01,1.154758144344279758e-01,-3.264166761139295631e-02,1.154922027599041279e-01,-9.927719137028467866e-01,9.994642537439961671e-01,1.393500794494528751e-03,-3.269959699282296711e-02
-1.434396397389190447e-01,-7.876246700821949442e-01,-5.992265421603770736e-01,-8.649513535300672185e-02,-5.931936804728278334e-01,8.003998057267168731e-01,9.858720309004784799e-01,-1.666392406518171221e-01,-1.696178537629922795e-02
-1.728114242315391680e-01,-3.427081612388439558e-01,9.234107037907659521e-01,9.769181697049517110e-01,5.988141788364476775e-02,2.050490319230293124e-01,-1.255671189260717246e-01,9.375315098771533906e-01,3.244496365109243441e-01
1.688931940522774844e-01,-1.136909111403044542e-01,-9.790553946161101306e-01,-9.222752658449141494e-01,-3.686250291052018402e-01,-1.162923984097063712e-01,-3.476829346020777201e-01,9.225995689578856407e-01,-1.671125738692660068e-01
-1.027084683212732552e-01,4.760615326039663864e-01,8.733936041154989338e-01,9.694553577782236697e-01,2.445096585966846647e-01,-1.927008375771343054e-02,-2.227269175699125581e-01,8.447369081718256734e-01,-4.866336159392503080e-01
3.429905870012070479e-02,-1.768542454813853415e-01,-9.836392379462585156e-01,-9.047473388167553976e-01,4.126165175980637256e-01,-1.057348679918139189e-01,4.245654572339643829e-01,8.935715893315190339e-01,-1.458560497999931704e-01
3.372020176686633258e-02,-6.459487599322814855e-02,-9.973416916925820219e-01,-9.965713638050643919e-01,-7.761247003443680348e-02,-2.866742644305157739e-02,-7.555438330445116146e-02,9.948888412735228393e-01,-6.699051181257652254e-02
6.117163681018604471e-02,-3.737502061603608511e-02,9.974272598460066641e-01,8.468924637393879795e-01,5.307974872246937759e-01,-3.204968669707493334e-02,-5.282340255146311669e-01,8.466741612863249999e-01,6.412237440009348199e-02
5.661637575358237362e-02,9.287774904322526615e-02,-9.940665519617853940e-01,-9.125594594773842605e-01,-3.990834912241780219e-01,-8.926141355964467561e-02,-4.050059492339260769e-01,9.121984930731825703e-01,6.216180756816196140e-02
2.377703690578730419e-02,-1.897368322443046817e-01,-9.815470375921254709e-01,-9.943478831636988202e-01,9.713396896166423544e-02,-4.286349637658504186e-02,1.034743435052953714e-01,9.770183859905867685e-01,-1.863548595355035142e-01
1.426797784193520498e-02,2.113714336017298578e-01,-9.773016636972700066e-01,9.741989180227363931e-01,-2.231105201754979284e-01,-3.403180733297050953e-02,-2.252396344599053579e-01,-9.516006582827526428e-01,-2.091011578738866117e-01
-3.057944143199508094e-02,1.558484465711977573e-01,-9.873075303384712953e-01,-9.994484318359972974e-01,8.031055579193115829e-03,3.222319423722595777e-02,1.295105641533805980e-02,9.877483302175856794e-01,1.555169003359387903e-01
4.608283381825815234e-02,-3.468638397433524562e-02,9.983352278638992772e-01,-6.458140116828181565e-02,-9.974096715784406264e-01,-3.167316948031012602e-02,9.968478394671979048e-01,-6.301429844544774450e-02,-4.820355942259645088e-02
2.224003276395055545e-02,-1.671456750008342429e-01,-9.856813401252831897e-01,-7.659991274453592514e-01,6.307221618629139659e-01,-1.242372379277665306e-01,6.424567827454286117e-01,7.577940867171554240e-01,-1.140061596621237683e-01
-8.548120918660236101e-02,-1.505799205891745519e-02,-9.962259882933941491e-01,7.506234586047707547e-01,-6.584824628468212149e-01,-5.445428831044003826e-02,6.551773700824902180e-01,7.524454152949157093e-01,-6.759075923122602469e-02
1.394304504715477566e-01,-5.618170264413655662e-02,9.886368219772653232e-01,3.719490324181864427e-01,9.282531073722479764e-01,2.931500303414605693e-04,-9.177216717308556149e-01,3.676816353066487131e-01,1.503234788506196407e-01
5.729930620308187200e-02,-5.538506406956690553e-02,9.968195845721810056e-01,2.900419548602806707e-01,9.563190610086841348e-01,3.646255575650016179e-02,-9.552970500998484438e-01,2.870302218050890253e-01,7.086041095737946605e-02
7.637369547313642947e-03,1.405307449727858510e-02,-9.998720826603628709e-01,2.021219554797525422e-02,-9.996991353505368938e-01,-1.389625598928076466e-02,-9.997665416173558972e-01,-2.010347921537838228e-02,-7.919115222591460029e-03
-6.245414517827157369e-02,-5.664980626697302402e-01,-8.216930234226733631e-01,9.726141753700823971e-05,8.232967833255880885e-01,-5.676111319433013724e-01,9.980478296606172250e-01,-3.552958706742837675e-02,-5.136319842601297370e-02
-9.456026817311324884e-02,7.191121819614798572e-01,6.884301165969053393e-01,5.788016508765265744e-01,-5.229234804297110406e-01,6.257313181852773853e-01,-8.099672861453334205e-01,-4.576338092513237976e-01,3.667755335412742901e-01
-3.688034368932534279e-02,-1.912926452864960603e-01,-9.808399278723578529e-01,-6.900318172208633749e-01,7.148295713687361497e-01,-1.134670662336104419e-01,7.228388004750647688e-01,6.726260534324283169e-01,-1.583611719193989409e-01
-2.589310127014451523e-03,6.923571329389051343e-02,-9.975969684585815900e-01,-9.990099340838588526e-01,-4.448490962463262643e-02,-4.943859343582069797e-04,-4.441224014649505780e-02,9.966080015835588890e-01,6.928235060096890607e-02
1.580446686897550926e-02,1.499145017476405939e-01,-9.885726381974894172e-01,-9.626810887335737199e-01,2.694372924234196276e-01,2.546893885260596499e-02,2.701764982779379931e-01,9.512776606318962269e-01,1.485781685207422098e-01
-8.064557817981972410e-02,-2.316711506552298905e-01,-9.694455986150662952e-01,-7.360939315102834613e-01,6.696314308822306494e-01,-9.879003375012335164e-02,6.720580441552477247e-01,7.056360426797217977e-01,-2.245345420141970916e-01
1.923188476394124546e-01,3.513892530662808267e-01,9.162636376459396548e-01,-6.446917623811403153e-02,-9.271522428587736231e-01,3.690967947261593607e-01,-9.792125337013551922e-01,1.300550321651072760e-01,1.556550752487865508e-01
8.038833927997991735e-02,-4.760278109752862363e-01,-8.757483874297937732e-01,-8.558234542188394300e-01,4.174405494333938704e-01,-3.054662058193666763e-01,5.109832972972213616e-01,7.740419309487202026e-01,-3.738384129760294883e-01
-8.881750504700615390e-02,-3.830767884973717563e-01,9.194365801466485300e-01,9.897279237290494969e-01,-1.377630609809785411e-01,3.820963255693336780e-02,1.120271743293105443e-01,9.133857417015504021e-01,3.913775658722657980e-01
-2.417149337422076771e-02,9.644949597114093054e-01,-2.629927976187693694e-01,1.710957691718333062e-02,-2.626320154010253205e-01,-9.647443634787976618e-01,9.995614044598635228e-01,2.781900748916847285e-02,1.015389267929353405e-02
-7.064338696617989966e-01,-6.593754824111289770e-01,2.572453322992422908e-01,-4.595036502708492177e-01,7.037094062916312565e-01,5.418943318438056433e-01,5.383377965389589681e-01,-2.646073405855757232e-01,8.001096000710201661e-01
1.797681572232543434e-01,-9.793851014096724983e-01,-9.213160578933429767e-02,1.271588817892741197e-01,1.160071445607582241e-01,-9.850751043412683261e-01,-9.754558054728348360e-01,-1.653697842643127580e-01,-1.453919049387475682e-01
3.925284989293946203e-01,2.772247516492060693e-01,8.769651159546041352e-01,-2.821722073426922717e-01,-8.712123870889576516e-01,4.017061388454415960e-01,-8.753857566419440683e-01,4.051362902231744889e-01,2.637505704498372405e-01
-7.769294341132329529e-02,8.369410184961137977e-01,5.417504389502350026e-01,1.696302691914924193e-02,-5.422045649160549541e-01,8.400752737117862523e-01,-9.968330162378377102e-01,-7.445764798111571825e-02,-2.792841555289427014e-02
-4.844755664567922809e-02,1.182132965949833116e-02,-9.987557711573660235e-01,1.263396856811828950e-01,-9.918261067922212737e-01,-1.786778406421069693e-02,9.908032691089808663e-01,1.270481406808725289e-01,-4.655804841796495896e-02
-1.253007289183772910e-01,-3.639448025193872116e-01,9.229539035356251198e-01,5.624481657801031487e-01,-7.924047371629646674e-01,-2.361075884682462545e-01,8.172831750030834508e-01,4.895292772049667507e-01,3.039889777871256915e-01
-8.171488519203929934e-01,5.268956730631096930e-01,2.337706215771254703e-01,2.741525217556201044e-01,-1.499907316673513343e-03,9.616850550430092737e-01,-5.070583286173472315e-01,-8.499286440551431232e-01,1.432241299305692939e-01
-1.397613602716166747e-01,-6.812929945488904737e-01,-7.185447917517967520e-01,3.014752151575894601e-01,6.619374097316911287e-01,-6.862591057635477609e-01,9.431751994304731213e-01,-3.125359518140345960e-01,1.128796793182136049e-01
-1.658801196515837795e-01,6.588986133706590254e-01,-7.337141154445627755e-01,-1.604429019989695587e-02,7.421201410955108324e-01,6.700748293529331656e-01,9.860153987927154917e-01,1.229240150605322712e-01,-1.125314172355445924e-01
-9.116273201962880879e-02,4.468995535553930698e-01,8.899270449439706798e-01,1.856278140872432703e-01,-8.703594149343117925e-01,4.560885916928795747e-01,9.783821701809111149e-01,2.067734941117767566e-01,-3.612645138634956211e-03
1.672089858304582621e-01,-2.398226780796583191e-01,-9.563086521287205155e-01,-9.736654755782807591e-01,1.122974524229196913e-01,-1.984057051756381029e-01,1.549732129255562141e-01,9.642999353199306345e-01,-2.147299187759069139e-01
-1.465868868467755104e-01,-2.505423606770892583e-02,-9.888804628769011229e-01,5.627266562443594689e-01,-8.242744965724810857e-01,-6.253210896991404089e-02,8.135422514882758582e-01,5.656357834819562003e-01,-1.349265188468918020e-01
-4.775375827838949233e-02,-3.242340534300604538e-01,-9.447707961016799105e-01,-2.129970191242436250e-01,9.274005819834104658e-01,-3.075067972923820059e-01,9.758851614890329262e-01,1.865487580584340721e-01,-1.133477500984471087e-01
1.264638962618774842e-01,-1.180206930370052698e-01,9.849253773547163027e-01,2.523498501073907496e-01,9.640595498332606983e-01,8.311881571622836695e-02,-9.593364561471866558e-01,2.380342420542802540e-01,1.517012310978441691e-01
-4.220143550616420880e-01,8.974186430791644131e-01,1.286221721782755401e-01,1.181132362455176166e-01,-8.624042086305305777e-02,9.892481252107450107e-01,8.988621404562084916e-01,4.326688905656547735e-01,-6.960232461037552110e-02
2.051414310268308006e-01,9.773288788616476541e-01,-5.239518889458100875e-02,6.875578128013047630e-02,3.901098126237197150e-02,9.968704960432451800e-01,-9.763143120004044162e-01,2.081019122545046396e-01,5.919424211184248080e-02
4.245781228519526218e-01,-8.820464448765370502e-01,-2.042730688959616403e-01,9.556391125789714946e-02,2.680168965943937609e-01,-9.586628614925076786e-01,-9.003338027979428393e-01,-3.875061447520181113e-01,-1.980859190321781760e-01
9.955761992278783223e-01,6.056264355607327704e-02,7.183451633074341980e-02,9.090632961351356733e-02,-4.276253433642780988e-01,-8.993734513253004437e-01,-2.375017404506860053e-02,9.019250145760918658e-01,-4.312391416774986053e-01
5.503278764966919138e-03,1.343269251748233917e-01,-9.909217885867241948e-01,6.480130735477441783e-01,7.542390854875103967e-01,1.058416668149640277e-01,7.616093292719313679e-01,-6.427127500649426617e-01,-8.289481569988366161e-02
9.544424346490686106e-02,2.346620306166743164e-01,-9.673800327566570711e-01,-9.885473885073858824e-01,1.364657383200547358e-01,-6.442951916621511566e-02,1.168950686070159561e-01,9.624504317894098104e-01,2.449994067007911780e-01
-1.866378424102090594e-01,7.057951547819160121e-01,6.833882609957777632e-01,7.563098668870888996e-01,-3.407443924788091660e-01,5.584699134630990436e-01,-6.270260768338872248e-01,-6.210849044056847568e-01,4.702040413370407457e-01
6.987563061020078681e-02,-2.932478395633678070e-01,-9.534794705908690160e-01,-8.618705712265338770e-01,4.635271441426028205e-01,-2.057223981404328328e-01,5.022912648060635643e-01,8.361508782716311483e-01,-2.203524314935174921e-01
3.107406249854556546e-02,-2.213424408392615783e-01,-9.747009420961663118e-01,-8.660314655972162212e-02,9.709082582796068062e-01,-2.232421309036796420e-01,9.957581521864593554e-01,9.134920846826238838e-02,1.100111205424561187e-02
2.598506842643887819e-03,-1.308703611107080167e-01,-9.913960844914314618e-01,-7.287218851736764202e-01,6.786695997968738014e-01,-9.149857037393684112e-02,6.848048348479383041e-01,7.226897833056061815e-01,-9.360456866298833001e-02
5.288837565919572714e-02,-2.240875946417128506e-01,-9.731328633068678791e-01,-3.944620246108185291e-01,8.905573917431662823e-01,-2.265110221414014247e-01,9.173889746776259235e-01,3.958437595053131974e-01,-4.129391239195195212e-02
7.177198577669048618e-02,-1.151285902962213281e-01,-9.907543538910517089e-01,-9.092315073345943466e-01,4.008175967849279542e-01,-1.124425194382300958e-01,4.100571278830940636e-01,9.088952974924889849e-01,-7.591106683684502310e-02
1.818111051010475390e-02,-7.045176552348351301e-03,-9.998098882827503031e-01,-9.850243712796207252e-01,1.713517610186356954e-01,-1.911967523260494489e-02,1.714538865287320024e-01,9.851847235331852026e-01,-3.824305300850074085e-03
-1.045296308693496462e-01,2.640290163192828832e-01,9.588337889393496738e-01,-1.774008911222784424e-01,-9.536031182078221757e-01,2.432488782571050057e-01,9.785716530225769816e-01,-1.446712531423928472e-01,1.465187647193039178e-01
1.717528123451912414e-01,9.749937994701455279e-01,-1.410250419120211429e-01,1.024043796547079999e-01,1.247071008013589249e-01,9.868948687865664038e-01,-9.798032019130432646e-01,1.839435511359109043e-01,7.842483991987855840e-02
2.333733740761946215e-02,5.159804056537920652e-02,-9.983952177832868813e-01,4.140984987189808009e-02,-9.978600193459694623e-01,-5.060243200132234775e-02,-9.988696576712650099e-01,-4.016247005196629805e-02,-2.542406307054709269e-02
9.402180883049936558e-03,1.266124276895195799e-01,-9.919077034428196438e-01,9.773131038699711670e-01,-2.110606969977846525e-01,-1.767708083515447115e-02,-2.115908693651155636e-01,-9.692381932927405241e-01,-1.257244155442323874e-01
-1.464928289592286499e-02,9.153981643243793709e-01,-4.022829840574799198e-01,-6.144710065221270501e-02,-4.023899118729722946e-01,-9.134038606467019816e-01,9.980028318256777276e-01,-1.133841145921046095e-02,-6.214328679358357282e-02
1.561709730024295195e-01,-9.993191959490316245e-02,9.826618129537506574e-01,9.607381366156738656e-01,2.463573708919331307e-01,-1.276333759620000008e-01,-2.293313324509262396e-01,9.640133076121367717e-01,1.344822765385482732e-01
2.849854970988733183e-03,-1.549137576458064873e-02,-9.998759401063539443e-01,5.248614191618892200e-01,8.511074097764327329e-01,-1.169049609808952943e-02,8.511829233496240876e-01,-5.247629886916302944e-01,1.055635815116460520e-02
4.572242535835415733e-01,1.806094605348804727e-01,-8.708192721226791777e-01,-8.230495661484754644e-01,-2.850460654261888771e-01,-4.912617960393979577e-01,-3.369501351799394917e-01,9.413442321225260478e-01,1.832056363412916389e-02
-1.600776456315601906e-02,5.177527608701176787e-01,-8.553805177142258520e-01,-1.479759388408321275e-01,8.448428338994112829e-01,5.141436642933475687e-01,9.888614023197916936e-01,1.348060259045659459e-01,6.309090569925777936e-02
2.364268780441113882e-01,-2.208740597256575178e-01,-9.462119112961016043e-01,-9.458203208280538954e-01,1.707266261201094426e-01,-2.761817152571139911e-01,2.225449438810780112e-01,9.602432342245119656e-01,-1.685428108197343511e-01
-2.066130541540980581e-01,-6.924627177409179435e-01,6.912354377431597641e-01,1.494689797215826566e-01,6.758486295348054007e-01,7.217254700070621087e-01,-9.669385037085371781e-01,2.524361592458325143e-01,-3.613745357807826575e-02
4.143081048330818361e-02,1.065056989321276765e-01,9.934485512786633832e-01,2.067253024788343607e-01,9.718732765042751298e-01,-1.128139341210967206e-01,-9.775214254724703400e-01,2.100449249846888244e-01,1.824807470517629884e-02
8.116713743070749776e-02,2.695906797392766396e-01,-9.595482068135084974e-01,-2.889714680942307920e-02,-9.616834845235506801e-01,-2.726349766646168904e-01,-9.962815117764554085e-01,4.985720602236295290e-02,-7.026669410228682244e-02
6.093988504088385105e-02,4.614485078999726320e-02,-9.970742114590934735e-01,-1.584257912525908751e-01,-9.858206860225181556e-01,-5.530681401131413294e-02,-9.854885078361870221e-01,1.613326617757866732e-01,-5.276526477849947244e-02
-4.102112466117834033e-02,-5.520434195350508721e-01,8.328056977948574691e-01,9.912251663750729636e-01,-1.273096714267509533e-01,-3.556567314028422772e-02,1.256580155670176946e-01,8.240390224432703192e-01,5.524217162770658218e-01
1.514217964387867266e-01,-2.136585664550016972e-01,-9.651017855872220386e-01,-9.801430385066047801e-01,9.400491203574241894e-02,-1.745929568458952363e-01,1.280275893324986647e-01,9.723749757647746073e-01,-1.951815638736485725e-01
7.758249668196437465e-02,2.364621087129446797e-01,-9.685383974585729527e-01,3.508535054107561613e-02,-9.715122734731952425e-01,-2.343777307432458046e-01,-9.963683929079660828e-01,-1.579789966961160294e-02,-8.366870370709751648e-02
1.355913257688448614e-02,-2.278326221188388748e-02,-9.996484746583406134e-01,7.625719278149318825e-01,6.468884720247626285e-01,-4.399962509656407672e-03,-6.467613198331985114e-01,7.622442047824650180e-01,-2.614512274147148124e-02
7.422170442613536256e-02,-1.338021325395058192e-01,-9.882247355333502181e-01,-9.805270580441052264e-01,-1.904640349477986772e-01,-4.785540549170674146e-02,-1.818181152565701564e-01,9.725330023805280888e-01,-1.453331766846936157e-01
-4.939402476341383380e-02,-1.489954674450813255e-01,-9.876034533143821514e-01,5.848793437809733931e-01,7.972191502826266873e-01,-1.495251806251522153e-01,8.096149600495343712e-01,-5.850145101648916990e-01,4.776650877469075518e-02
3.337546492530638759e-02,-2.401055295197944417e-01,-9.701728779114775492e-01,-8.327524223389418667e-01,5.300721189441987002e-01,-1.598341384267829568e-01,5.526386535790310806e-01,8.132483528492548963e-01,-1.822570579108780675e-01
1.121475227286894277e-01,-1.040647546536380974e-01,-9.882274333293405988e-01,-9.645597917479987737e-01,2.276400724685650467e-01,-1.334331501148187105e-01,2.388458525678759381e-01,9.681686445270702990e-01,-7.484740787589100330e-02
6.278802909503108931e-02,9.977649121978839908e-01,2.286576893766114824e-02,9.887057067409342759e-01,-6.530925332477692524e-02,1.348915374961296987e-01,-1.360833893620790325e-01,-1.413794245670469893e-02,9.905965019738457444e-01
1.925730528131859853e-01,4.863482791245318793e-02,-9.800766668195586284e-01,-1.073167249758423397e-01,-9.917363824882918788e-01,-7.029984487533311177e-02,-9.753967089705959381e-01,1.187164738482514165e-01,-1.857623723103477564e-01
1.432507637690723368e-01,-1.351971363407951376e-01,-9.804085643265393335e-01,-9.575901041994019369e-01,2.313037439184496280e-01,-1.718131845601109375e-01,2.500008220365601552e-01,9.634419091852692851e-01,-9.632900189707875593e-02
-1.319169357009890298e-01,9.142693540023720811e-01,3.830267228371229127e-01,9.767272644453567354e-01,5.396209082218807185e-02,2.075859909608263332e-01,-1.691205870506349018e-01,-4.014967510281783891e-01,9.001103187662419236e-01
6.092870776578952485e-01,-7.901676136275804785e-01,-6.636564904524391850e-02,5.003675694005367894e-03,8.752422073040933004e-02,-9.961498250841004376e-01,-7.929339318181883867e-01,-6.066091436498707301e-01,-5.728111915561376333e-02
9.021935357234106556e-02,9.959207980305807562e-01,1.494085379076345215e-03,3.163761797840294876e-02,-4.365456224265602814e-03,9.994898718449360953e-01,-9.954192731556092966e-01,9.012606083750165920e-02,3.190241038343941127e-02
7.438111716171075249e-02,-9.663453171212357251e-01,-2.462603855426903077e-01,3.866899091743283140e-02,2.495536321384531353e-01,-9.675885974048747951e-01,-9.964798836660995196e-01,-6.244768021603344654e-02,-5.592967624108560742e-02
-1.462112500832807582e-01,-3.136313039196979569e-01,9.382204834423059081e-01,9.844859292220305980e-01,4.686781789538369686e-02,1.690883284249982688e-01,-9.700373968522722767e-02,9.483874803303525836e-01,3.019130034293414089e-01
3.775468457041514236e-02,9.073192710403868433e-02,-9.951594350640383668e-01,-8.374043149418730625e-01,-5.405409235495446385e-01,-8.105259579395117375e-02,-5.452784583217280545e-01,8.364109201655562931e-01,5.557135519389933692e-02
9.788698968115247534e-02,-9.938712208881381738e-01,5.136276415345834845e-02,-8.959337043737218217e-03,5.072847060650537837e-02,9.986722948743805839e-01,9.951572074455866668e-01,9.821720093876991353e-02,3.938769967207780831e-03
1.401661378592267311e-02,-3.015590181520522162e-01,-9.533444776727595382e-01,-6.461175509036072295e-01,7.249173259306495032e-01,-2.388032264854910436e-01,7.631091959557956272e-01,6.193198116778814155e-01,-1.846816880770067448e-01
-2.317396508547392431e-01,8.282840917090990296e-02,-9.692451644738496741e-01,7.230577365856883931e-01,-6.518715644195443026e-01,-2.285847174786563851e-01,6.507566701811858811e-01,7.537923574403180282e-01,-9.117476668060640888e-02
8.440917377711978364e-01,5.329258122655214924e-01,-5.915417861430766894e-02,4.271567399751415722e-02,4.313757043706503702e-02,9.981555596257155605e-01,-5.344946299275019630e-01,8.450616714997321033e-01,-1.364778153185556772e-02
2.846069665342959923e-02,-9.579949323370202663e-01,-2.853694068441632314e-01,-1.999531043839715416e-01,2.742589129310584184e-01,-9.406385090591851128e-01,9.793920281446106824e-01,8.383172606157075768e-02,-1.837484609794697576e-01
4.799871206539864099e-01,8.750454537748247885e-01,6.251254141615809889e-02,1.630921222100656653e-01,-1.590217565041663894e-01,9.737109635982059697e-01,-8.619822061268507252e-01,4.571734187224152368e-01,2.190414151121797270e-01
-1.037357728005645768e-01,7.457061998219983723e-01,-6.581497952506740745e-01,8.980023367867887019e-02,-6.519950312291433736e-01,-7.528867094614981603e-01,9.905426833169403977e-01,1.372032900463478755e-01,-6.706174270284878539e-04
3.280423495982495719e-02,-9.965914454863673555e-01,-7.569262151685103579e-02,1.674110817081194552e-02,7.627065357182165328e-02,-9.969465997238469157e-01,-9.993215786051623528e-01,-3.143689213519390568e-02,-1.918604563130275539e-02
4.545737775111461376e-01,-8.812119442292036808e-01,-1.297235142409952358e-01,3.689370534356992137e-02,1.641436908346181611e-01,-9.857462671829964052e-01,-8.899446810365624350e-01,-4.433084232303466932e-01,-1.071265914129406888e-01
-1.002060312747883597e-01,3.356722055080553768e-01,9.366338247925459770e-01,9.428869535971259319e-01,3.326084222138485091e-01,-1.832567075840493137e-02,-3.176837169772592229e-01,8.813034709575199299e-01,-3.498303132173379293e-01
4.544463459232635227e-02,-3.860652944099231959e-02,-9.982205773631857015e-01,-5.528669232214620255e-01,-8.332396864428437411e-01,7.056213167516277307e-03,-8.320294167842889888e-01,5.515624722741323538e-01,-5.921054622651959753e-02
4.802706645201602620e-01,8.503858479058833408e-01,-2.149046264805754836e-01,-1.243154003100880277e-02,2.515864184489295385e-01,9.677549952671379296e-01,-8.770322374997518988e-01,4.621127392027103431e-01,-1.314011820827595545e-01
1.320601678005766944e-01,8.471143278462298781e-03,-9.912055043289657030e-01,-9.736383297423475414e-01,-1.865077428902243428e-01,-1.313136120077633417e-01,-1.859798777744920140e-01,9.824169693025207595e-01,-1.638241402953969153e-02
2.066891724526454845e-03,-2.181023346779612238e-01,-9.759237160591096583e-01,-4.044458314851415159e-01,8.923619127665544104e-01,-2.002842630810232061e-01,9.145596193539772267e-01,3.951222446935108157e-01,-8.636616464489882405e-02
1.106464521051138405e-02,-1.336435785833533230e-01,-9.909676924752898186e-01,-6.241398310216660361e-01,7.733497112018200559e-01,-1.112640800811644931e-01,7.812343086159311278e-01,6.197335057002298919e-01,-7.485544037604502376e-02
1.757655847798884896e-01,-5.614188844096561909e-02,-9.828298670519053370e-01,-3.366603848429516876e-01,-9.416042520935311577e-01,-6.420102551927206642e-03,-9.250763452193443426e-01,3.320083143562283512e-01,-1.844023717687947039e-01
-2.211291865887523578e-01,-3.360294589113281272e-01,9.155250327447942427e-01,8.089802948645543612e-01,-5.874874492738597631e-01,-2.023312794782649443e-02,5.446583932699977648e-01,7.361675758205152853e-01,4.017518325422926861e-01
-3.151730827079533004e-01,-3.199529261609990183e-01,8.934741479065747560e-01,8.767622379347332906e-01,2.621897893148428804e-01,4.031680698055298828e-01,-3.632546022668445840e-01,9.104321168654215812e-01,1.978874794217762578e-01
3.171196464581600705e-02,4.871689865310527279e-02,-9.983090779332449705e-01,3.956265256465397173e-01,9.166223833334570248e-01,5.729798056599347267e-02,-9.178638262308578266e-01,3.967745835581157898e-01,-9.794199259431556059e-03
-9.067392759322653872e-03,-6.107492282353347290e-01,7.917721658396998929e-01,9.998614882246639191e-01,-1.658894936842606957e-02,-1.345780075783321221e-03,1.395660251310280181e-02,7.916502933548341669e-01,6.108150507948364449e-01
1.312223959229066178e-02,1.610200071527920496e-01,-9.868639035472913656e-01,-9.107995486683104769e-01,4.092147150986282789e-01,5.465801946970120367e-02,4.126402658171939852e-01,8.981179623207985463e-01,1.520267633775463645e-01
4.747219832795941154e-03,9.995489905844339162e-01,-2.965264449418357831e-02,9.970328113123109182e-01,-2.452805535964669957e-03,7.693865680964534493e-02,-7.683122458043183112e-02,2.992990422039506354e-02,9.965947841338671509e-01
-8.904576786509545150e-02,8.508055312433435713e-01,5.178810666852452504e-01,9.953256237384663363e-01,5.649265152880185437e-02,7.832932434840993163e-02,-3.738654778056732519e-02,-5.224351905537927276e-01,8.518589775990355051e-01
-1.600199425162608935e-01,-8.558316735735832514e-01,-4.918798273006655952e-01,-2.477391647242031536e-01,5.171719438616018127e-01,-8.192426299602372231e-01,9.555202374930876763e-01,-9.237260992955350497e-03,-2.947808486833927710e-01
1.126487524481364633e-01,-1.537679589924389467e-01,-9.816647459082852301e-01,7.536798144907042030e-02,9.864293654039577586e-01,-1.458656040368584983e-01,9.907723885656944951e-01,-5.755451203897619245e-02,1.227092180717664904e-01
-3.713432437175005763e-02,-4.935816982606128778e-01,-8.689062947727004271e-01,-7.980047280424784617e-01,5.380207653103744603e-01,-2.715181579870653006e-01,6.015060232244593408e-01,6.833086881029747373e-01,-4.138595665049776273e-01
5.284980362403874921e-01,8.371042222078989292e-01,1.412315363216105624e-01,-8.712812975169859087e-02,2.189698927494395375e-01,-9.718337692606026090e-01,8.444516058934492531e-01,-5.013069989846616892e-01,-1.886604836020719655e-01
2.552879368891878276e-01,9.494199754828581694e-01,1.828381235765420554e-01,6.208011078470924149e-01,-3.059317187923001335e-01,7.218114490174089015e-01,-7.412381896358852806e-01,7.076364596964855591e-02,6.675016499113674007e-01
3.947290510611291964e-02,-9.843761360020191198e-01,1.715969482019375492e-01,-5.903647298511989147e-04,1.717077830132956728e-01,9.851477496914584631e-01,9.992204667799643447e-01,3.898794842504022667e-02,-6.196664073262262741e-03
1.000897940972647615e-01,-1.766568732336195047e-01,9.791702519260316873e-01,5.401166885461370498e-02,9.836256837206581727e-01,1.719396811460550678e-01,-9.935113349857195297e-01,3.567721211625960592e-02,1.079924246903675722e-01
-1.637299486166038376e-01,-3.050429243900907861e-01,9.381584717975668397e-01,-9.598396660544702419e-01,-1.703558463393043676e-01,-2.229051392105219631e-01,-2.278164159898204699e-01,9.369779612656642387e-01,2.648999447111913819e-01
9.622207720142861298e-02,9.931914437578889254e-01,-6.566633768653819259e-02,9.952034935034218543e-01,-9.716682472023502326e-02,-1.134084178407351526e-02,1.764421654896139099e-02,6.426012931754185309e-02,9.977771882552066707e-01
1.467263863477186008e-02,-1.039939238277690775e-01,9.944696966134251026e-01,2.223368848364941086e-01,-9.693376492885851237e-01,-1.046462197734979727e-01,9.748594890119791634e-01,2.226427305765538434e-01,8.898944022698886819e-03
3.751356901259813442e-02,-2.378158203070879495e-01,-9.705855798184949146e-01,-9.992220337106296757e-01,-2.075364158063032136e-02,-3.353526067195670979e-02,-1.216796972096811057e-02,9.710885242720199706e-01,-2.384093507815078228e-01
4.824997756070554394e-02,-2.047539500048288774e-01,9.776235265289044962e-01,9.374008561395071881e-01,3.472454095403510466e-01,2.646243492335689437e-02,-3.448935699231146512e-01,9.151483188590654461e-01,2.086911112508520461e-01
-4.162139988773773717e-04,3.798636285378702571e-01,-9.250424046928604760e-01,-9.999982360811833226e-01,-1.852372338166878097e-03,-3.107269586900838002e-04,-1.831556832096957769e-03,9.250406436642466534e-01,3.798637294725666358e-01
-3.558216784946974243e-02,4.081586309851298333e-02,-9.985329111504814836e-01,8.940267181825658493e-01,4.478085831276888418e-01,-1.355359925934803388e-02,-4.465984062968020307e-01,8.931973679969591462e-01,5.242447230503507333e-02
1.231504451666287081e-01,-3.158274928656247260e-01,9.407906050792997910e-01,2.009549355201885878e-01,9.363033470272842385e-01,2.880158958036558303e-01,-9.718287306646876678e-01,1.535872295984241631e-01,1.787732674617285578e-01
-7.808961947912762547e-01,1.274934799057281416e-02,-6.245306934701611024e-01,2.764039291142193489e-01,-8.895359990345367285e-01,-3.637671980702086860e-01,5.601803289394645669e-01,4.566871582904911686e-01,-6.911113068976871832e-01
-3.228962558622700679e-02,8.244760046745350790e-01,5.649749532460865975e-01,9.994678446518440174e-01,2.925239851229681498e-02,1.443345725303947502e-02,4.626833312193976734e-03,-5.651403497337574855e-01,8.249818043546820467e-01
-6.528455419494318124e-02,-6.860017980619192990e-01,7.246650674893752031e-01,9.975731632200386390e-01,-6.248089075994377878e-02,3.072331871737993617e-02,2.420146703679892236e-02,7.249121818162925779e-01,6.884160207662292086e-01
1.034265943826370160e-01,1.012429232836246397e-02,-9.945855610651399559e-01,-9.875108236690902652e-01,1.205298110406661100e-01,-1.014639728519236284e-01,1.188499588170063015e-01,9.926580797814277268e-01,2.246383613376667227e-02
4.625521304096547742e-02,-9.919960563156022815e-01,-1.174916146830352337e-01,3.804975233195333206e-02,1.192818060663459329e-01,-9.921310735427188998e-01,-9.982047242995856218e-01,-4.142070733150961942e-02,-4.326260960859306531e-02
3.161861287716362639e-03,-2.304087460597162296e-01,-9.730887998391444249e-01,-1.031257283346398851e-01,9.678302665298501584e-01,-2.294987131646040457e-01,9.946633032281061437e-01,1.010761343144281760e-01,-2.070092469925836551e-02
9.906268681380043795e-01,1.050018797756535199e-01,-8.736711833789713444e-02,1.028434078138296126e-01,-1.523928559864733412e-01,9.829545518046722830e-01,-8.989795099070524431e-02,9.827263213570018863e-01,1.617632087954722075e-01
-3.634683057171283482e-01,6.695470880438502137e-01,-6.477634503668149302e-01,-5.576929483771554397e-01,4.005863992361612946e-01,7.269863217952603485e-01,7.462368029449603091e-01,6.254895951484783501e-01,2.278012297848213963e-01
7.342157299192066285e-03,-2.570769491813327812e-01,-9.663630450952749307e-01,-8.797621813000120472e-01,4.577318874097281443e-01,-1.284524176595068790e-01,4.753573362013449044e-01,8.511127783366588817e-01,-2.228058380555033025e-01
1.079630393683575773e-01,-4.723595272721606286e-02,-9.930320976183494297e-01,-9.941208533332390740e-01,3.138162317057646960e-03,-1.082306837512580222e-01,8.228675369683344232e-03,9.988788298423509904e-01,-4.661944009140771977e-02
2.081653316248223071e-02,-9.934048806665619624e-01,1.127537804907184082e-01,-9.997186436640640439e-01,-1.939968175573936193e-02,1.364865774573302201e-02,1.137125576088230533e-02,1.130061742367642341e-01,9.935292140278468853e-01
