-1.211011262195097610e-01,8.135316090467638039e-01,-5.687713409711764312e-01,-6.796576866900412572e-02,-5.784393654246352545e-01,-8.128890175272244223e-01,9.903106439484521406e-01,5.978479412801153414e-02,-1.253419597480170677e-01
9.241478640623269902e-02,9.946657179967217655e-01,4.582157456435097254e-02,9.757315681911248040e-02,-5.484338879050497384e-02,9.937160971697733824e-01,-9.909283457050984678e-01,8.736310518771356337e-02,1.021210141455577980e-01
6.586944957672850876e-02,-2.197800855332465997e-01,-9.733231373061351777e-01,7.494227231237098052e-02,9.737761694537787616e-01,-2.148106785627375004e-01,9.950099855946759053e-01,-5.879358644379627935e-02,8.061291931172420711e-02
4.472734741686831134e-02,9.813320098973991046e-01,-1.870479904831416629e-01,6.064886577566611092e-02,1.842226493804257903e-01,9.810115853216931914e-01,-9.971565471244602241e-01,5.522229446507632977e-02,5.127688290873799043e-02
9.460485868097549822e-02,9.930676843317314262e-01,-6.976026841953296420e-02,-3.018686151916363455e-02,7.290397450384429601e-02,9.968820210502171708e-01,-9.950571210265144462e-01,9.220403916074060291e-02,-3.687466687129593162e-02
3.262772903542761338e-02,1.056349069807430152e-01,-9.938695577011906757e-01,-2.738222521005240773e-01,-9.554073077004436865e-01,-1.105361960951560391e-01,-9.612267191212424677e-01,2.757501456386913796e-01,-2.247582624220518729e-03
-8.867232603968570881e-02,-3.661186990791444051e-01,-9.263338041868635075e-01,-2.277076753750464089e-01,9.128205152540075362e-01,-3.389807096380272888e-01,9.696836768606575951e-01,1.808751091665270483e-01,-1.643099562229653754e-01
-1.680258683929730379e-01,-2.525899127422371881e-01,9.528723122914508625e-01,-1.361723907064475991e-01,-9.514010687721277115e-01,-2.762120315057687847e-01,-9.763321092538530532e-01,1.761656672570520998e-01,-1.254642184839960539e-01
-7.847403261958706133e-02,-3.612599538860871567e-02,-9.962613806936423400e-01,3.140874853567488523e-01,-9.493446485344599894e-01,9.684515540639773712e-03,9.461452730668236111e-01,3.121532488316673404e-01,-8.584562596394121337e-02
-9.737759545500002112e-02,-8.744684267186404458e-01,-4.752079277280925607e-01,4.885727068848144672e-02,-4.811016562527963281e-01,8.753023268857960115e-01,9.940475697894315399e-01,-6.201747352998156909e-02,-8.957266308803800425e-02
4.662644264482063150e-02,9.989101715020646255e-01,-2.108107209162259250e-03,1.306760923318159122e-02,1.500263733839900249e-03,9.999134896568090403e-01,-9.988269181571040045e-01,4.664995689649625854e-02,1.298341581930156571e-02
9.538686963040814148e-02,-4.812028235452402158e-02,9.942765126101654749e-01,2.574763814768441517e-01,9.660329273419984153e-01,2.205212626119814126e-02,-9.615650046063979328e-01,2.538992353615312503e-01,1.045366930753394291e-01
-8.519489671191510238e-02,2.495617346049860685e-01,9.646039447333795147e-01,-8.010709169009479561e-03,-9.682640202193936174e-01,2.498011522935543738e-01,9.963321023197314608e-01,1.355462170362830426e-02,8.449031966808896732e-02
6.554738940573971717e-02,-1.657631702476231317e-01,-9.839848124496382020e-01,-9.760703649096942325e-01,1.942493846041012939e-01,-9.774364084678020814e-02,2.073407400564316883e-01,9.668452554418340839e-01,-1.490639780177148710e-01
-3.012155109650479536e-03,-5.038421921224909283e-01,-8.637904678559485960e-01,-1.184524044560251732e-01,8.578927575226309443e-01,-4.999890443487766123e-01,9.929551625326198394e-01,1.008120133090275733e-01,-6.226542517640754060e-02
-7.412935245478833278e-03,-6.264605287042869231e-01,-7.794178945640083400e-01,-7.284227268076132189e-02,7.777068867799006302e-01,-6.243925060134982719e-01,9.973159237181306036e-01,5.214598959325607297e-02,-5.139789944727392312e-02
-1.705795878842573110e-01,6.022091439335061080e-01,7.799017573772423217e-01,8.892420902594413978e-02,-7.788638419272162494e-01,6.208571500655253317e-01,9.813231319225831362e-01,1.752577036858865844e-01,7.930730138141561802e-02
2.431512167303809535e-01,-9.463598169275253547e-01,-2.127923464493869099e-01,-2.497641701238967685e-02,2.131950073816518965e-01,-9.766903641486183174e-01,-9.696667800826005434e-01,-2.427982407935405096e-01,-2.820194801434086629e-02
-4.353413050954939995e-02,9.634051480677322532e-01,-2.644906428540869658e-01,-1.581083033210953781e-01,2.547614781619728097e-01,9.539907513522609683e-01,9.864616281952897081e-01,8.334932466023797781e-02,1.412315339326886410e-01
6.687977633340974615e-02,9.805664462996647179e-01,-1.844357338176098593e-01,-4.154437558428074329e-02,1.874260229447493598e-01,9.813997915123208182e-01,-9.968957620407991049e-01,5.797353115311702776e-02,-5.327203122402194430e-02
2.109206940729144442e-01,-1.248669899430431135e-01,9.694950725168046679e-01,2.723731864905086786e-01,9.600346598812599108e-01,6.439176273157833086e-02,-9.387892777896468255e-01,2.504829069003259301e-01,2.365015967344746006e-01
-2.216535245183591518e-01,6.416507072767682063e-01,7.342711249394273665e-01,8.191729535134117945e-02,-7.380873523822365501e-01,6.697138321519883197e-01,9.716785846106263946e-01,2.085939359248095704e-01,1.110373725575588832e-01
5.931791674274931175e-02,2.779191372871531174e-01,-9.587712646313847342e-01,9.251241722606136086e-01,-3.761159541728290590e-01,-5.178855969977071150e-02,-3.750022008634276705e-01,-8.839104831068737012e-01,-2.794201266934048800e-01
1.085177413741362368e-01,2.884130951137316157e-02,-9.936760431210591715e-01,-1.602030094716263425e-02,-9.993984989686041098e-01,-3.075695395944249080e-02,-9.939654167850200395e-01,1.925666443001220959e-02,-1.079904213826923115e-01
-3.004152147016533325e-01,3.805198223739083563e-01,8.746172668980926046e-01,-3.265740920609645076e-02,-9.205395274859230481e-01,3.892819954222630496e-01,9.532492813528395947e-01,8.838350025045868530e-02,2.889708713413379204e-01
7.995270595767614563e-02,-9.812652290257162235e-01,-1.752886622550183238e-01,1.320263062550933453e-01,1.847270463877285773e-01,-9.738813956481059408e-01,-9.880165075881482961e-01,-5.472173825797763819e-02,-1.443222508670912729e-01
-5.970322336486106884e-01,-2.499731992685445547e-01,7.622767946304014330e-01,4.760065719057550160e-01,-8.752463370879852711e-01,8.579972562074816844e-02,6.457323404376476006e-01,4.140739656891181952e-01,6.415391612765387608e-01
1.560983271509055470e-01,-5.464402752549014641e-01,-8.228221787482615790e-01,-9.409101284560529299e-01,1.712005264961781736e-01,-2.921960128000469226e-01,3.005352598772779160e-01,8.198130307007682749e-01,-4.874270737902426376e-01
-6.580815532378847532e-02,2.220605644063762818e-01,9.728095355352976981e-01,-4.126523745320619108e-02,-9.746945038570409281e-01,2.196993498597745453e-01,9.969786692155507835e-01,-2.568520754050025723e-02,7.330622922228942351e-02
-1.620739614311383914e-02,-9.425551290585095776e-01,-3.336572327940111049e-01,-1.929562944120817927e-02,-3.333440752844364918e-01,9.426077689883696209e-01,9.996824490780696904e-01,-2.171534384394337158e-02,1.278455501812823282e-02
6.541844891102807646e-02,9.913300019636879234e-01,1.139528575716734493e-01,-3.413039933862060255e-02,1.163535718789257406e-01,-9.926212581604334506e-01,9.972740558056554239e-01,-6.104648653027062305e-02,-4.144615904095349385e-02
3.387701350338740564e-02,-5.984953127915001309e-02,-9.976323879875580447e-01,-8.924309425010584773e-01,4.475493851100331155e-01,-5.715383411726928514e-02,4.499103919924099526e-01,8.922542134914787093e-01,-3.824993704489280250e-02
9.414632761322740129e-02,9.927645655689937287e-01,-7.453178078880128010e-02,3.159903396221480643e-02,7.184676076964194302e-02,9.969150134387407824e-01,-9.950567672497874216e-01,9.621101973015845632e-02,2.460629254653013548e-02
3.563768709726845008e-01,9.339943994446382458e-01,2.549485520194864907e-02,3.300396496494346216e-02,-3.985307673974983894e-02,9.986603379382642531e-01,-9.337592110026605718e-01,3.550580150910908062e-01,4.502823322387054794e-02
6.785906456440031487e-02,3.194022533786766010e-02,9.971835183965941374e-01,3.488512465563400194e-02,9.988002844606795882e-01,-3.436596919957805862e-02,-9.970848386342084924e-01,3.711891386654111308e-02,6.666341424771805857e-02
-3.390530298151518684e-02,8.547453361710993791e-01,-5.179390318594317977e-01,2.513396593728110806e-02,-5.173438579052084263e-01,-8.554084500658263313e-01,9.991089601169609313e-01,4.202074465677310688e-02,3.942439916472300666e-03
2.511010648040623572e-02,-2.514588073857819683e-01,-9.675422216837168410e-01,-7.784807280389163808e-02,9.644164906005464610e-01,-2.526667968262673591e-01,9.966489653399850379e-01,8.166578748684363842e-02,4.641017225891307281e-03
-2.641091633852898565e-02,6.330169360144388691e-01,-7.736872896830160329e-01,-1.305646187011224972e-02,7.736728133453426581e-01,6.334507926380207321e-01,9.995659019302299830e-01,2.683163448607417054e-02,-1.216844645845077677e-02
1.659935984201432735e-02,9.979647830148683507e-01,-6.156909220478998940e-02,-1.091670407162095430e-01,6.301836456861012459e-02,9.920238116841566534e-01,-9.938848114716819504e-01,9.745644626412149070e-03,-1.099909266108568956e-01
5.865253056524794700e-02,-2.846732307059911954e-02,-9.978724829232874516e-01,8.868116263372296526e-01,4.604835266856349141e-01,3.898796024772599456e-02,-4.583939572588302536e-01,8.872116619884763411e-01,-5.225367719342770279e-02
6.925398721740377850e-02,-3.844785382021864151e-01,-9.205325300696338697e-01,-1.921238338683791957e-01,9.003339294291189399e-01,-3.904961561634609502e-01,9.789240612602221336e-01,2.038996546849266012e-01,-1.151577635943499926e-02
-1.093370924008893116e-02,-1.050425811982971525e-01,-9.944076176988249083e-01,-7.273130117964979879e-01,6.832982070215180004e-01,-6.418210928822792871e-02,6.862187966485329138e-01,7.225438508605397381e-01,-8.386982001805903808e-02
-1.033726715553930781e-01,-2.863777336653253736e-01,9.525239547834022380e-01,8.556282210858849879e-01,4.626996925155378304e-01,2.319684069597206244e-01,-5.071631276590450321e-01,8.389855709168894116e-01,1.972023674714797337e-01
4.157636154816377050e-02,-5.351131678362468919e-02,9.977013306278080806e-01,9.768456220970934689e-01,-2.075698097212310689e-01,-5.184018404707714522e-02,2.098667118676979804e-01,9.767555032188834918e-01,4.364229807728101790e-02
-5.359622553044753046e-02,6.908186481261553435e-01,-7.210388616503561332e-01,1.172922108590010726e-01,7.214334149183304623e-01,6.824781059573141739e-01,9.916501307823729627e-01,-4.799399171174682788e-02,-1.196937545525068036e-01
-1.224414710368902232e-01,-6.234898879424884965e-01,7.721842045806073251e-01,6.985836518008861074e-01,4.985132100029957547e-01,5.132888669054176400e-01,-7.049744446480741278e-01,6.022831054296410302e-01,3.745211520157001317e-01
-7.538466350367786784e-02,1.217614115690833082e-01,-9.896925336492852221e-01,-4.139431469310420608e-01,-9.067779161542985911e-01,-8.003050595674902901e-02,9.071759606698486245e-01,-4.036433691113629485e-01,-1.187594499615301502e-01
-5.701528052373684707e-02,-5.307101501692657042e-01,-8.456334869753652228e-01,-1.298215051688976496e-01,8.437609303395920968e-01,-5.207819785938716528e-01,9.898967797616484710e-01,8.008888149912912757e-02,-1.170048566416667934e-01
-3.492848009111535479e-01,6.877866582981427834e-01,-6.363565356932608941e-01,1.120020349170910839e-01,-6.436161085545261118e-01,-7.571088752508190467e-01,9.302987004327623044e-01,3.357198496904857388e-01,-1.477718190214607208e-01
-1.693771914783330848e-02,-1.621179063524994801e-01,-9.866260173490010166e-01,-4.028923796654289013e-01,9.042179276028727841e-01,-1.416604031093159910e-01,9.150906206915232488e-01,3.951046998473292104e-01,-8.063145838290899925e-02
-3.534292869869728460e-01,-1.244461293789467654e-01,-9.271466442707317901e-01,4.420221888826980083e-01,-8.957042193098112559e-01,-4.827355431237097955e-02,8.244417042066881640e-01,4.268806769967454784e-01,-3.715760540879510243e-01
-1.350371816113978274e-01,5.612346654592084705e-02,-9.892497743670802812e-01,7.070291385934831530e-01,7.049221728376946494e-01,-5.652015057960138589e-02,-6.941719936458168316e-01,7.070607376630754226e-01,1.348716296822274618e-01
3.819356958185377016e-02,7.210155500051590449e-02,-9.966657498926627667e-01,-3.899158168887713050e-01,-9.172546837778209339e-01,-8.129883656985337215e-02,-9.200580997863984090e-01,3.917208328059118005e-01,-6.919693872172698844e-03
-2.660818861739288055e-01,-4.325624831600747844e-01,-8.614465323004764086e-01,-1.356626982544505977e-01,9.015722822694101080e-01,-4.108078043877061991e-01,9.543563601466940050e-01,7.557645527370624589e-03,-2.985746470175195677e-01
-9.938412991662609608e-02,9.324753466134054758e-01,-3.472931365272368676e-01,-6.880207603844015751e-02,-3.546254834529937172e-01,-9.324736140066003376e-01,9.926676528695370649e-01,6.877859001128258654e-02,-9.940038482090564342e-02
8.834633243472941322e-01,4.684511945953616086e-01,-6.784748735717166176e-03,8.490318030162521956e-02,-1.458453059975055033e-01,9.856574438886784861e-01,-4.607428832959850618e-01,8.713682487907582486e-01,1.686219751142464529e-01
-8.855289005095437482e-02,-6.067071222264868169e-01,-7.899777550686336580e-01,3.732572068379307051e-02,7.905152079991651926e-01,-6.113039313610475478e-01,9.953718783645936208e-01,-8.361921885363250706e-02,-4.735662571646371416e-02
4.180284425831397588e-01,8.520827601532199314e-01,3.149717305428926806e-01,1.387375807900889102e-01,-4.025340065448748672e-01,9.048305129975694472e-01,-8.977773136296262058e-01,3.345464742372885603e-01,2.864865646193044402e-01
1.541389265431139868e-02,5.321317841664585657e-02,-9.984642054455632465e-01,-4.866540666676512084e-01,8.727238348546294544e-01,3.899907014874205713e-02,8.734587748194407864e-01,4.853055385212777795e-01,3.934848118408025563e-02
-4.763156568251394885e-01,6.912344420956378910e-01,-5.434320023001663058e-01,5.665683577218574157e-02,-5.926334763129796901e-01,-8.034771718682971464e-01,8.774470912958340918e-01,4.134978945701238695e-01,-2.431174472606911774e-01
-7.944200552735009024e-02,-7.243072120129068203e-01,-6.848854140539731850e-01,-2.107240272264964409e-01,6.837324518704418486e-01,-6.986453453710838035e-01,9.743122456929499409e-01,8.882002524951278233e-02,-2.069460098852758390e-01
6.614110233487018216e-03,9.511174513406348563e-01,-3.087585582637574766e-01,1.985365754876491917e-02,-3.088293514785996896e-01,-9.509102291737343560e-01,9.997810189375249124e-01,-1.594383968864556669e-04,2.092579154158682661e-02
-2.096426327284625635e-01,-2.568333305337766603e-01,9.434440136381208042e-01,8.909713449340999070e-01,-4.476329217857167309e-01,7.612377972685964445e-02,4.027654764860070236e-01,8.565403712963621796e-01,3.226740821486749899e-01
1.246171112466386566e-01,-1.540314904716079958e-01,-9.801759411083491580e-01,-9.395774942206146507e-01,-3.357777411003726731e-01,-6.668913656392455591e-02,-3.188490362830875280e-01,9.292618621920443189e-01,-1.865681739652300664e-01
1.816687672632145145e-01,1.176930293363225065e-03,-9.833590767548486822e-01,-9.789903658754434135e-01,-9.394802575097628561e-02,-1.809741196430011134e-01,-9.259763778914338606e-02,9.955764075612572039e-01,-1.591521860648304268e-02
6.096111024057666861e-02,3.267995188532404199e-02,-9.976050139123244787e-01,-9.271902585925878570e-01,3.719412374147748612e-01,-4.447404053350932640e-02,3.695970338209526584e-01,9.276808377104376335e-01,5.297448381640550152e-02
5.017445474884852513e-02,8.295768807330393749e-03,-9.987060149566293621e-01,-9.836670729958624237e-01,1.734854915682893794e-01,-4.797784612778879104e-02,1.728629908176083085e-01,9.848014847852356590e-01,1.686481456723190261e-02
2.371253740252555683e-02,5.572817700221754239e-02,9.981643581384496144e-01,1.684942057459613007e-01,9.839391052167247853e-01,-5.893674452621717325e-02,-9.854173827368641891e-01,1.695824504874261507e-01,1.394181791260007755e-02
2.801388890603988269e-02,1.065916185681396039e-01,9.939081692386797506e-01,6.860811664757096029e-01,7.210739980975175989e-01,-9.666913817237970941e-02,-7.269854572381003743e-01,6.846097546184143345e-01,-5.293041512802552917e-02
8.594824394908624765e-02,-2.571677516476968128e-02,9.959676434689999081e-01,4.380625286163267185e-01,-8.968751005886228533e-01,-6.096125791367337787e-02,8.948263073828004455e-01,4.415356173846817223e-01,-6.581928438071553422e-02
7.334564338013620233e-02,-4.294586701556959984e-01,-9.001031425482609594e-01,-9.288690910979084947e-01,2.991548759625387577e-01,-2.184229195638223986e-01,3.630738605299199118e-01,8.520983574775502500e-01,-3.769691777638605190e-01
4.390703352182134117e-02,-5.071573735279538003e-02,9.977475063321760151e-01,9.381254670341191426e-01,3.454820655123000961e-01,-2.372236310680237575e-02,-3.435007722106745987e-01,9.370539239521475938e-01,6.274681742170758192e-02
6.091733427548162022e-02,2.697069083416891444e-01,9.610136637829544970e-01,9.771189983609055441e-01,1.804540748899167990e-01,-1.125823693915027901e-01,-2.037830744368868408e-01,9.458829263964921852e-01,-2.525429629284055011e-01
6.100508770995039659e-02,1.650420017891602587e-01,-9.843980480064596916e-01,-9.406520702569338699e-01,3.393696120976816277e-01,-1.396103869102407547e-03,3.338443679244049167e-01,9.260612312531476542e-01,1.759503736144333308e-01
4.204652387629977117e-02,-7.498422517005456055e-03,-9.990875154307935491e-01,-8.576687933398904340e-01,5.126488446766409579e-01,-3.994249594857198632e-02,5.124805662274581897e-01,8.585656269100584437e-01,1.512393889574130228e-02
2.439800132348924136e-03,-5.867305771756716609e-02,-9.982742707659980619e-01,-9.213877696928994832e-01,3.878366104191069419e-01,-2.504678580102190008e-02,3.886368809514335609e-01,9.198588130342008062e-01,-5.311439397802166645e-02
1.513496956233016388e-01,-1.833712937760482442e-01,-9.713229320126401944e-01,-6.750888960416157047e-01,6.986052679103013086e-01,-2.370773335628889589e-01,7.220444945265123149e-01,6.916109081462454844e-01,-1.805822962193588677e-02
1.003591129866697462e-01,-1.247870583420247342e-01,-9.870948477785064235e-01,-9.603707753488889276e-01,2.471370038653939449e-01,-1.288847360093871852e-01,2.600308102827489365e-01,9.609118020873614885e-01,-9.503939347932313653e-02
-3.356739007233949801e-02,-2.771961199224982075e-01,9.602268176965500501e-01,7.600254098832895933e-01,6.168352501300650159e-01,2.046354087852770010e-01,-6.490258905894811248e-01,7.366658572900554036e-01,1.899705452106687231e-01
9.382023577311941059e-03,7.521006806963867475e-02,-9.971235747361283375e-01,9.180471513773088565e-01,-3.959027393013051510e-01,-2.122378057113127187e-02,-3.963601966413927147e-01,-9.152073353479435180e-01,-7.276075758067249155e-02
-4.838291417034390474e-02,3.243895110384747427e-01,-9.446854178744397146e-01,-9.973326604299006526e-01,3.605872929337040900e-02,6.346126756978641426e-02,5.465032530737379962e-02,9.452360621400173191e-01,3.217796276550632384e-01
4.788189753892501538e-02,-1.740191942637186323e-02,-9.987014053701686045e-01,-9.988502052140540988e-01,1.532785506856463101e-03,-4.791573971496002754e-02,2.364620881603324200e-03,9.998474002410907557e-01,-1.730851811156159173e-02
1.608325967525615074e-01,-9.392458989680350923e-02,-9.825024413377023702e-01,-9.045583245466034539e-01,-4.122704558916995277e-01,-1.086614406875406474e-01,-3.948507481508293782e-01,9.062070638720312044e-01,-1.512667976562038497e-01
1.678966125814412846e-02,-4.108495493261088427e-02,9.990145813515548534e-01,6.192190112025627302e-01,7.849136121472267691e-01,2.187321721451239084e-02,-7.850388037798879948e-01,6.182415773337943676e-01,3.861901883353102694e-02
2.248161649485056202e-01,-2.100563617670448413e-01,-9.514904186900877692e-01,-6.573846608138648184e-01,6.880807454281033797e-01,-3.072300367765918860e-01,7.192378603108198210e-01,6.945654847833269141e-01,1.660384423003203117e-02
1.120943088243517016e-01,-3.350378989567286137e-02,-9.931326004073258717e-01,-9.922211439576402725e-01,-5.823480628195012998e-02,-1.100268549977483634e-01,-5.414856796428375169e-02,9.977405491408729565e-01,-3.977095909689613851e-02
-1.709978127980152085e-01,-5.412014843985020196e-01,8.233229629393028493e-01,9.834451724372563763e-01,-4.289919831647549808e-02,1.760546835323014980e-01,-5.996116099734868227e-02,8.397979590762660873e-01,5.395776562304899215e-01
1.622175043629963398e-01,-8.489216091948451406e-03,-9.867185082324063661e-01,-9.763732786539766062e-01,-1.460527890656551087e-01,-1.592601756140782088e-01,-1.427609961044160047e-01,9.892403732239638536e-01,-3.198096269638348033e-02
2.588445498563736718e-03,-1.655774178317480916e-01,-9.861933982004095212e-01,-8.863720702047720446e-01,4.561975386160238566e-01,-7.891995262028540792e-02,4.629663628286699306e-01,8.743385639812830679e-01,-1.455823561574005887e-01
-1.395845847282999388e-02,-9.306959850728850625e-02,-9.955617566332861657e-01,-6.399876411552600786e-01,7.658293158898532571e-01,-6.262010932763618920e-02,7.682584074421759945e-01,6.362731400565102557e-01,-7.025318951507102117e-02
1.182255202674190736e-01,1.166373175699079306e-01,-9.861128041495023089e-01,-9.346264761828394496e-01,3.485057203877581777e-01,-7.083158105716561015e-02,3.354043475799712848e-01,9.300212357828752108e-01,1.502145952207961099e-01
-2.212774243859203793e-01,-3.019481856938673742e-02,-9.747433376990555232e-01,9.547804875250228696e-01,1.968133655012536398e-01,-2.228423653651833425e-01,-1.985712015842506506e-01,9.799759038321462778e-01,1.472093100843345839e-02
2.246496261777557527e-02,-1.171139530052461852e-01,9.928643650902507778e-01,9.910030731707334395e-01,1.336735424477991097e-01,-6.655299814294901410e-03,-1.319402683821116751e-01,9.840811481076858769e-01,1.190632584734473559e-01
7.741255420212962701e-02,-9.934826870397699405e-01,-8.366269780578058923e-02,2.013738878874348284e-02,8.545545840509304047e-02,-9.961384693914526745e-01,-9.967957574271038013e-01,-7.542887498176192862e-02,-2.662147242945797632e-02
5.866126787822015937e-02,-2.176398710684139259e-01,-9.742647187352334592e-01,-9.977537588208803543e-01,1.884047857709204854e-02,-6.428431477266548233e-02,3.234644354059175442e-02,9.758472846138941392e-01,-2.160457930670370563e-01
1.630002707633663728e-01,9.849826754140653673e-01,5.692135684626491859e-02,6.498011235473925840e-02,-6.828514774912190777e-02,9.955474491932795322e-01,-9.844838732703724560e-01,1.585757476130290611e-01,7.513478248810186166e-02
-1.568448275712732154e-01,9.287888408577682497e-01,-3.357841407246930365e-01,5.087087038482391438e-02,-3.319432642793045951e-01,-9.419266552369617296e-01,9.863122500559486916e-01,1.648179553255131879e-01,-4.815287311186910134e-03
4.396108135412333806e-01,8.805108406619901462e-01,1.773217191838894757e-01,2.092534022479437816e-01,-2.923907609506333771e-01,9.331241378071677417e-01,-8.734731514278359921e-01,3.731062883246877848e-01,3.127880294181666354e-01
-8.005351328720154702e-02,-9.163254728462556509e-01,-3.923506885726876781e-01,4.431770585301859910e-02,-3.964966367176348538e-01,9.169658434312200068e-01,9.958048884988973670e-01,-5.601825492363741305e-02,-7.235039154703427899e-02
9.736947647294965646e-01,1.723277091983418940e-02,-2.272037340027565355e-01,-1.906060816138236969e-01,-4.847673502739530682e-01,-8.536216596128489709e-01,-1.248512186171812366e-01,8.744733544910301415e-01,-4.687307601331601736e-01
-5.015527660215304273e-01,-7.976529718627444199e-01,-3.349545631495167708e-01,-9.998225145406466896e-02,-3.311361844356167650e-01,9.382709506062721916e-01,8.593301881642050333e-01,-5.040819019127279477e-01,-8.633112922763579167e-02
6.180693246063854174e-01,-5.174651932039224800e-01,5.917939538412282374e-01,-7.126770053116063819e-01,-5.111119068578703212e-02,6.996278527093972022e-01,3.317857683516384215e-01,8.541764571849941312e-01,4.003758033525555704e-01
1.585569450750878503e-02,9.992058947879063346e-01,-3.655375182910896442e-02,-2.651394327437688048e-02,3.696566078182021015e-02,9.989647394853367057e-01,-9.995226899694310552e-01,1.487009563058996203e-02,-2.707900463845474767e-02
1.737554233476486798e-01,-1.095637945936757396e-01,-9.786750368592805893e-01,-7.969031189519736325e-01,5.682259030900029817e-01,-2.050969089532238832e-01,5.785797022553555990e-01,8.155458895560602217e-01,1.142060271259010516e-02
6.402605583307598158e-02,-9.138192395485135455e-02,-9.937555072294038672e-01,-8.947012968923315768e-01,4.358438577387421242e-01,-9.772267398404163585e-02,4.420523198826580291e-01,8.953711384927039996e-01,-5.385416270483799756e-02
-5.618189276403622034e-02,-5.670761593949541490e-01,8.217470561987544331e-01,9.963286455782733864e-01,2.140785570489124254e-02,8.289109550658677050e-02,-6.459740649293742309e-02,8.233871101492827860e-01,5.637914879761836140e-01
5.337101517007621088e-02,-2.383583772827839731e-01,-9.697096569173855318e-01,-8.059374987566184645e-01,5.630822905266533729e-01,-1.827651011358113753e-01,5.895899276935124833e-01,7.912797344014161904e-01,-1.620496809252739701e-01
2.764878807344171852e-02,-1.575193204943091951e-01,-9.871287698112547471e-01,-8.499046857692298396e-01,5.161306363666603447e-01,-1.061658669782954562e-01,5.262105753646317829e-01,8.419007244769168841e-01,-1.196060220041860467e-01
2.288418411921163895e-02,-6.320842419232035325e-02,-9.977379461703969055e-01,9.820785229784113612e-01,-1.853310864565794747e-01,3.426606334795410241e-02,1.870777614302144010e-01,9.806411593972321761e-01,-5.783448516510093784e-02
3.219405844760009350e-02,1.402566233998102374e-01,9.895916441609416969e-01,-2.878168207973994530e-01,9.494656002592574140e-01,-1.252060365573709755e-01,-9.571442003516240637e-01,-2.807902304511534219e-01,7.093536647144382812e-02
-1.244069541517034694e-01,-4.404027878841130228e-01,-8.891390747136221906e-01,-4.949947852579608121e-01,8.041761568024773377e-01,-3.290605892504039343e-01,8.599436448547782552e-01,3.991817797123242140e-01,-3.180421896849226493e-01
-3.955007639357811106e-02,-8.209254912919047298e-01,-5.696640494224703977e-01,-3.066937828256054988e-01,5.525645959220021330e-01,-7.749911553751276383e-01,9.509861802536262454e-01,1.440614628576964984e-01,-2.736267163233847555e-01
1.064044550957136404e-01,9.786772763991986590e-01,1.756954199620208434e-01,-9.569973911067913841e-02,1.859581134619655018e-01,-9.778860567427142270e-01,9.897068514817566331e-01,-8.723742716009819098e-02,-1.134459317585009008e-01
5.698789022353368400e-02,2.443497544156472967e-01,-9.680111455375309815e-01,6.178505397169734015e-02,9.668652340222059216e-01,2.476978529275118412e-01,9.964612322983693593e-01,-7.392439892347922592e-02,4.000244705286686020e-02
1.418263236236116109e-01,3.378132599014069953e-02,-9.893149730706385370e-01,-9.976670026113547071e-03,-9.993179880278941773e-01,-3.555312727555382663e-02,-9.898412801972851227e-01,1.491243837303371858e-02,-1.413925712304922588e-01
-1.006874055816658342e-01,3.487373164932562886e-01,-9.317962923527411956e-01,-1.813091740388289574e-01,9.144415013932502001e-01,3.618338347073364325e-01,9.782581611040056524e-01,2.053753262072658126e-01,-2.884346752157978741e-02
-7.271184029409097534e-03,2.407444359400403786e-02,-9.996837255094482844e-01,-7.517650221525878917e-01,6.590856939120425251e-01,2.134009251153217226e-02,6.593909927734299403e-01,7.516824257930475595e-01,1.330599125017242930e-02
-1.101630448722078215e-01,7.987893912169503619e-01,-5.914385953112448746e-01,-2.982043957977219273e-02,-5.974488696817203959e-01,-8.013523504048033486e-01,9.934660763849730847e-01,7.064245603946936458e-02,-8.963703741734541097e-02
-4.086109850181744024e-02,2.357069838770960157e-01,-9.709647719566282253e-01,1.997608550895402513e-01,9.540839717071165627e-01,2.232025441285780121e-01,9.789923244863160123e-01,-1.848404519663826295e-01,-8.606994779679484620e-02
9.798012942448794393e-02,-5.224210625679616138e-01,-8.470396257692567321e-01,-7.049676389921551989e-01,5.643261461048565408e-01,-4.296005456191446803e-01,7.024389811305939979e-01,6.392278421719458370e-01,-3.129971942053325074e-01
1.700762788458198838e-01,2.108477578288361354e-01,-9.626096209744172683e-01,-9.638643265416714234e-01,2.388424038389075077e-01,-1.179824823811672918e-01,2.050356539588400473e-01,9.478910956154217304e-01,2.438500593780245362e-01
-1.103339276790811924e-01,9.832781927117573151e-01,-1.448807100355581357e-01,-9.820577186696962668e-01,-8.542502739498432363e-02,1.681225799702044110e-01,1.529348279633483132e-01,1.608308441564192948e-01,9.750612175467523457e-01
-4.486507938271540319e-02,3.633739634058220092e-01,-9.305624575334677795e-01,1.227799674085421483e-01,9.264440427549364143e-01,3.558461960553284675e-01,9.914192878167844558e-01,-9.828936037351221344e-02,-8.618002890592289800e-02
-1.355043507021694293e-01,3.109607042652856590e-01,9.407135649833167079e-01,3.674083191067293447e-02,-9.472406299455539136e-01,3.184105843888703768e-01,9.900952894602090826e-01,7.770861846145400709e-02,1.169302715532510306e-01
1.201415376070038843e-01,-5.916381226457675946e-02,-9.909922574166493137e-01,8.986216226001384477e-01,4.307581504561943664e-01,8.322616902785630322e-02,-4.219540144813404003e-01,9.005259902600706301e-01,-1.049178275089602680e-01
1.641155343849900472e-01,2.377584362926050132e-01,-9.573593982121992862e-01,-1.264396022368141359e-01,-9.574427461468537626e-01,-2.594540707658441470e-01,-9.783042054288254574e-01,1.636285849797237124e-01,-1.270691458136394003e-01
-7.579940790325985500e-02,-8.503806705548724310e-01,-5.206795222669707845e-01,-5.500788709900875789e-02,5.249528042799163075e-01,-8.493519209583001439e-01,9.956046314267616992e-01,-3.573889233450807529e-02,-8.656875565863532407e-02
-2.072721188119686642e-01,3.837130205446662168e-01,-8.998903192210070401e-01,-8.376716441591960383e-01,4.055288509123194385e-01,3.658586716880753431e-01,5.053162231067059862e-01,8.296449053313245114e-01,2.373706926369623382e-01
7.707435004898657849e-02,-9.920630469287742281e-01,9.935016599343489407e-02,-9.935050250485524259e-01,-6.805369155181051344e-02,9.119462851202532472e-02,8.370967547303909129e-02,1.057336558744086941e-01,9.908648163335050940e-01
1.903325199875237697e-02,-2.313535252318277002e-01,-9.726835465253629298e-01,-8.207862368602616421e-01,5.519085013781970250e-01,-1.473328187717968529e-01,5.709182854832400844e-01,8.011694904758160929e-01,-1.793871757724024574e-01
-1.673080752931833393e-01,8.792519743269733290e-01,-4.460089389057244058e-01,-1.382830297662894503e-01,-4.688415737475591927e-01,-8.723906134321756101e-01,9.761587020665982717e-01,8.428252706244511450e-02,-2.000266082590568262e-01
-9.433183761410536550e-03,1.963146733824916793e-02,-9.997627821309765794e-01,7.739548720492706035e-01,-6.329332869376985693e-01,-1.973094821437708715e-02,6.331704913175604243e-01,7.739574017840957776e-01,9.223293787517166525e-03
-2.272610779692541549e-01,1.107817113912035745e-01,-9.675121781463470461e-01,9.136576106539373576e-01,3.680837367589542275e-01,-1.724648753448155825e-01,-3.370195438463335913e-01,9.231694184464739328e-01,1.848676605326322331e-01
4.273279978220469524e-03,1.268148801232890366e-01,-9.919171967747829610e-01,-1.340959020273370557e-02,9.918443322632473080e-01,1.267477946469595940e-01,9.999009560795621976e-01,1.275957431064579650e-02,5.938964100634093642e-03
9.225470649364936326e-02,4.042023148364328189e-01,-9.100052515291545685e-01,4.044736647921376438e-03,9.137429819203179981e-01,4.062725724151391438e-01,9.957272263201500939e-01,-4.116128851523988968e-02,8.266219869169727508e-02
2.065993534359565897e-01,-9.761582094115696107e-01,-6.657219658568237775e-02,-9.782814590314412584e-01,-2.049222291533492613e-01,-3.118119487987853003e-02,-1.679565643728256341e-02,-7.156836030831274786e-02,9.972942773964061924e-01
-6.568245110117310048e-02,1.206878064289437363e-01,-9.905151533402768438e-01,9.903946866961316209e-01,1.289255229148613124e-01,-4.996572930720128564e-02,-1.216724298327805376e-01,9.842828165321689804e-01,1.279967065907857415e-01
1.290083166560939132e-01,9.864975852576585158e-01,-1.008928566072428007e-01,1.480510505037733182e-01,8.144193050135964396e-02,9.856206665857514260e-01,-9.805293165827783097e-01,1.420905564667140630e-01,1.355453174576293218e-01
-2.182990394812978074e-02,1.447659131362118157e-01,-9.892250935391067035e-01,-2.211170118701836357e-02,9.891489393577661549e-01,1.452427224959036978e-01,9.995171474088035968e-01,2.504408435628751109e-02,-1.839200572324071331e-02
4.141990366314785704e-02,1.363913124503693952e-01,-9.897887660852698888e-01,3.600432144569516019e-02,-9.901992538609396544e-01,-1.349411964170807443e-01,-9.984929045405235293e-01,-3.004742154168693266e-02,-4.592463435810442696e-02
-3.286375227118653458e-02,5.935749279441675519e-01,-8.041074422629950202e-01,-1.400921480993952591e-02,8.041894100724493732e-01,5.942079893671351476e-01,9.993616541007900311e-01,3.079281804905427064e-02,-1.811316288036825956e-02
-2.038470018850159493e-01,-8.091239532564168391e-01,5.511486442777469019e-01,2.748214897629416287e-01,-5.876265700471228204e-01,-7.610309868455623628e-01,-9.396379880501679605e-01,3.666393508826862151e-03,-3.421505647688906637e-01
5.339652834060453802e-03,4.004931665690194403e-02,-9.991834367837206798e-01,-9.981550288685047123e-01,-6.022049581196479290e-02,-7.747917699334161759e-03,-6.048162077959086391e-02,9.973813433784874949e-01,3.965387028270195291e-02
-1.272261769870867976e-01,-4.957131887142428028e-01,8.591169503763775861e-01,4.730334148337146383e-01,7.309858286766296454e-01,4.918323969856969180e-01,-8.718101217237645972e-01,4.689649803649504900e-01,1.414883700213434015e-01
3.354044238043171755e-02,-1.092823288601544873e-01,-9.934447198127464018e-01,-7.204624903264877922e-01,6.862728869662247932e-01,-9.981645479377979080e-02,6.926823505456745078e-01,7.190875448886209220e-01,-5.571592257672165066e-02
1.533148167697182540e-01,-2.758325364809491864e-01,9.488998781627877577e-01,-9.816358008908728783e-01,-1.528193380705079873e-01,1.141814534897268862e-01,-1.135152913408696285e-01,9.489798004858573943e-01,2.941965616753870472e-01
2.282137163309677086e-01,-4.349434315313312899e-02,-9.726390603878121155e-01,-4.919301573423062734e-01,-8.672547480762966554e-01,-7.664151770609346770e-02,-8.401923708149120484e-01,4.959611315948024846e-01,-2.193156081349895425e-01
-9.857937155018386965e-02,-4.104654955760700386e-01,9.065319544540403340e-01,9.905539380548900041e-01,4.677974039408842877e-02,1.288974464161751488e-01,-9.531528371001093958e-02,9.106754267191757846e-01,4.019766956691980808e-01
-2.492649186912163639e-01,-4.494997249751037649e-01,8.577977602891997400e-01,6.263135223108464711e-01,6.007612565844685504e-01,4.968070896813280291e-01,-7.386463105441209986e-01,6.610869154917197177e-01,1.317790502515533424e-01
-9.295708440971557629e-03,-4.026222813325926464e-01,-9.153190090777744148e-01,-6.200216961795049775e-01,7.204776384663620359e-01,-3.106204576917357407e-01,7.845295954081464851e-01,5.646302073432420965e-01,-2.563318998569190654e-01
-1.982745363980359110e-01,-6.089351151450436150e-01,7.680398646941685170e-01,9.801462872915315261e-01,-1.226374698904056787e-01,1.557989296738152840e-01,-6.809733993367979776e-04,7.836823824242652448e-01,6.211613797984036900e-01
1.723917875159123037e-01,-1.261255944023529085e-01,-9.769203683175625708e-01,-9.638622742196423232e-01,1.828929888890155897e-01,-1.936999508295797756e-01,2.031024075022440367e-01,9.750089687033119956e-01,-9.003845297925078262e-02
5.699863284292813054e-02,2.132148697613900912e-01,-9.753412608757360269e-01,-3.079006518006729975e-01,-9.255560533407831691e-01,-2.203251704752647866e-01,-9.497096106046089004e-01,3.128664434497041014e-01,1.289356771320639139e-02
2.605920315065633763e-02,8.736931475531445682e-03,-9.996222206211426986e-01,-9.841381348220301639e-01,1.757566113287548637e-01,-2.411939392373977156e-02,1.754794846133539143e-01,9.843948799148768414e-01,1.317842468608442473e-02
1.338782920347264815e-01,4.201446436470553797e-02,-9.901067557117321227e-01,8.159657123696955061e-01,-5.716565903205702570e-01,8.607379961448673178e-02,5.623847074368929499e-01,8.194165775276984753e-01,1.108147702876915441e-01
-1.261029593874283539e-01,8.244217836082342599e-01,5.517488254142006721e-01,9.883353440405165946e-01,5.653505045976507659e-02,1.414108757833920926e-01,-8.538905874903870985e-02,-5.631451951155488356e-01,8.219344243090344060e-01
8.233985229732260214e-02,-1.141324139530653647e-01,9.900474437161591590e-01,9.942084463140767880e-01,-5.943550627876181824e-02,-8.953762265738834936e-02,6.906311607077030013e-02,9.916860454189287966e-01,1.085774991421423058e-01
-8.979868774111268714e-02,-3.082627279638450735e-01,9.470534759073865327e-01,8.500474817154689555e-01,4.717894659882096997e-01,2.341665616857997456e-01,-5.189946767638021763e-01,8.260682721971884801e-01,2.196718806765855236e-01
-1.954615505978739842e-01,-2.619371248988411338e-01,9.450839776642093737e-01,9.653448648709013202e-01,1.185357740945758437e-01,2.325049722633497629e-01,-1.729279448361545068e-01,9.577777471102201234e-01,2.296904722342990590e-01
-1.521573529409131764e-01,8.489200620971882882e-01,5.061451057897530248e-01,9.880532659557156316e-01,1.433310906670642870e-01,5.662986917196426162e-02,2.447209799462239307e-02,-5.087149758136629840e-01,8.605871192404903613e-01
7.657024678277986329e-02,9.877677916113437595e-01,-1.358373555502060404e-01,3.794869595442929011e-02,1.332514857283095544e-01,9.903554604416318075e-01,-9.963417555151355964e-01,8.098661251371809533e-02,2.728140045104840775e-02
1.742244389749138950e-02,-1.044144999981952010e-01,-9.943812501444129204e-01,-4.450336602145864573e-01,8.897741289599802039e-01,-1.012276677075832354e-01,8.953443470110519220e-01,4.442967607620333381e-01,-3.096592727042820486e-02
5.440211993924628370e-02,9.936724202509765735e-01,-9.826255939411632223e-02,-1.591630392952880085e-02,9.925874455440256150e-02,9.949343560751666704e-01,-9.983922478742204287e-01,5.256256141066803500e-02,-2.121547837337288411e-02
1.420819276523092589e-01,-2.047852964477596682e-01,-9.684398319944337308e-01,-9.362427553002123926e-01,2.898120500402781574e-01,-1.986415837616027913e-01,3.213444086684417167e-01,9.349181557816995669e-01,-1.505516954646311245e-01
-8.990639134045815828e-01,2.953960481404409588e-01,3.231489662008054653e-01,-4.220131128777206142e-02,-7.931241746178616658e-01,6.075961594367825791e-01,4.357787614595641235e-01,5.326304707578659592e-01,7.255354248284660024e-01
-6.682327806706699069e-02,-2.559505988174379798e-01,9.643774885766291938e-01,7.912134292766752619e-01,5.752603471520707501e-01,2.075014272883991262e-01,-6.078782434341725160e-01,7.768943454289483075e-01,1.640707688770631778e-01
9.196807493486996998e-01,3.857066850816308068e-01,7.360483924820147850e-02,-7.725636585212566909e-03,2.051860296287880969e-01,-9.786924990948521197e-01,3.925909242669364807e-01,-8.995160067105608670e-01,-1.916854711623160734e-01
-4.397155017195609195e-01,6.751594043939457279e-01,-5.922922050862448051e-01,-1.586201123049637562e-01,-7.074794678476942211e-01,-6.887034648862345732e-01,8.840191952213908300e-01,2.088841335103163444e-01,-4.181835497096567655e-01
4.808098561801515264e-02,-1.772499821742450077e-01,-9.829906727132411426e-01,-2.396394248407849592e-01,9.533388209977976535e-01,-1.836247217574673851e-01,9.696706476345348102e-01,2.443921770387899872e-01,3.361386360215183697e-03
7.390295585658858135e-01,-6.703004084558847886e-01,-6.732513638891755858e-02,9.530538932309449984e-02,2.029603302900901962e-01,-9.745378325619333815e-01,-6.668974391402964219e-01,-7.137958158692243593e-01,-2.138769246919887401e-01
-9.674018100551878829e-02,3.092991882708467921e-01,9.460313681448490053e-01,1.369493458046754097e-01,-9.373125431174460509e-01,3.204529188482717617e-01,9.858428952235193110e-01,1.605590503512674683e-01,4.831746358831481847e-02
-2.904514697845539395e-01,6.520324660483441948e-01,7.003510597685331796e-01,-3.297997016653617108e-01,-7.552719970806940353e-01,5.663888833718213611e-01,8.982594839362569861e-01,-6.646708692770440796e-02,4.344099744180768274e-01
5.835536952221291596e-02,-1.153734374668918261e-01,-9.916065856855729166e-01,-2.935731957279203580e-02,9.926713711210373159e-01,-1.172249834471324470e-01,9.978641183224432609e-01,3.595161865274964369e-02,5.454064980196282608e-02
-2.325481083628723694e-04,5.617800743873820057e-02,9.984207416723626105e-01,8.878560500140217915e-01,-4.593830425010628216e-01,2.605484054769440991e-02,4.601212670317210152e-01,8.864599549571767767e-01,-4.977115512466884911e-02
