1.217700904058775513e-01,9.827554500830234518e-01,-1.391537653628469040e-01,2.544583257301925028e-01,-1.664210514095693927e-01,-9.526568081498819618e-01,9.593867862072791297e-01,-8.059627150090413472e-02,2.703354129059326039e-01
-3.507389723681791915e-02,4.670943856872905031e-01,8.835115486466681434e-01,-9.153584966152217284e-02,-8.818409123162741503e-01,4.625773379576050282e-01,9.951839076067118262e-01,-6.464859027553397641e-02,7.368547900381558491e-02
-4.388419916722520117e-03,-1.028760778089325284e-01,-9.946844999221032824e-01,4.746688862525597630e-01,8.752776084037696691e-01,-9.262049800520331944e-02,8.801535037676035955e-01,-4.725522413888518236e-01,4.499098758621732086e-02
-2.139479789335031745e-01,8.458102005913831212e-01,-4.887037618904048752e-01,-8.337912526242846623e-02,-5.142741385354852035e-01,-8.535631387917692603e-01,9.732801157841158846e-01,1.418704162577561767e-01,-1.805508272207840270e-01
9.337535142106358210e-02,-9.837436736083207123e-01,-1.533930519371694556e-01,-8.617289287308789805e-03,1.532618755695739909e-01,-9.881480353784219961e-01,-9.955936852312452512e-01,-9.359050236269937650e-02,-5.833677670717873388e-03
-1.192889034418287142e-01,3.317241168132889495e-01,-9.358040755628762586e-01,1.006645500392314430e-01,9.417180935538437270e-01,3.209885989232533765e-01,9.877432894639404104e-01,-5.591191820853209926e-02,-1.457293776875386859e-01
-1.457846926024146048e-02,9.722641758828879377e-01,2.334305903878012289e-01,2.460691773309256480e-02,2.337335512811429539e-01,-9.719892625976800371e-01,9.995909002355440887e-01,8.426108252005192617e-03,2.733190198322245010e-02
-4.973956225604326750e-03,4.365444002860260353e-01,-8.996689648633988678e-01,3.581757488012347612e-01,8.407662988604639454e-01,4.059829598285523700e-01,9.336409335125256392e-01,-3.202202636926511636e-01,-1.605415522239286574e-01
-2.960865916003693754e-02,-4.727534639786978854e-01,8.806971611166282132e-01,4.693662642088442666e-02,8.794539585432541440e-01,4.736641087340529577e-01,-9.984589527882310467e-01,5.536151279311387480e-02,-3.849999777505241829e-03
-3.145720441506828086e-02,-1.668730686546011366e-01,-9.854764447962141016e-01,6.385645906510667436e-01,7.551527189028296450e-01,-1.482553024356943749e-01,7.689250339643157739e-01,-6.339540599219006811e-01,8.280423933299177475e-02
-1.246185030676294492e-01,-2.468976356794870819e-01,-9.609952061217904573e-01,-5.601483894623422444e-01,8.169432329629173761e-01,-1.372499030922784413e-01,8.189652071217232709e-01,5.211960395206161056e-01,-2.401055557709931287e-01
7.952703652615807084e-02,9.839531263665272087e-01,1.597238102942190874e-01,6.080385308252417298e-02,-1.647211883673466715e-01,9.844642307129133352e-01,-9.949765534482135632e-01,6.857969973969113564e-02,7.292792929960251191e-02
-1.660283573100587162e-01,-9.313135781679982017e-01,3.241752669295487332e-01,4.445934658049051358e-02,-3.354729221948076212e-01,-9.410001514217264384e-01,-9.851182421773333475e-01,1.418200888238219104e-01,-9.710361134089680324e-02
1.558083169578594329e-01,9.863167698072584644e-01,-5.387947627561550518e-02,1.065218103977299269e-01,3.745036627826940634e-02,9.936048379387116825e-01,-9.820269203419780268e-01,1.605512368765776854e-01,9.922916940623775772e-02
-1.558854283160889670e-02,-6.426071414378143887e-01,-7.660372439415125134e-01,-8.975004585932887247e-02,7.639369989937359051e-01,-6.390189283868614734e-01,9.958423201494477350e-01,5.879050383833733101e-02,-6.958268504304075674e-02
-1.522676531084034279e-01,8.297097150968095747e-01,-5.370254654025531371e-01,-2.053994901869255485e-01,-5.580636378655127183e-01,-8.039751398664398696e-01,9.667603690924705395e-01,1.211465089388239977e-02,-2.553969929069437317e-01
-1.851432108527735210e-01,7.168945127381436411e-01,-6.721489783381879857e-01,3.321701072972523677e-02,-6.790176594648121844e-01,-7.333700623376340211e-01,9.821499995791408422e-01,1.581052679099215763e-01,-1.019024169773469768e-01
1.703977965169971021e-01,-8.645459555331691526e-02,9.815753633062845873e-01,1.549535126129238938e-01,9.861008800254624784e-01,5.995384342913414460e-02,-9.731156148531727723e-01,1.418825476255659301e-01,1.814258603623267185e-01
-5.406985309397260853e-02,-4.158726472824988418e-01,-9.078140736013311507e-01,4.529629184618271659e-02,-9.092296502551614479e-01,4.138232582176376018e-01,-9.975092465392897401e-01,-1.874524844122114203e-02,6.799940242013333136e-02
-4.927183647125055188e-01,-2.248384482314690069e-01,-8.406404018793643962e-01,-2.354768555577262390e-01,9.644513029376368118e-01,-1.199347103992023378e-01,8.377226650698189614e-01,1.388573241091733412e-01,-5.281471196263026746e-01
7.241563249670725233e-02,2.298080997422044247e-01,9.705381051061204856e-01,-4.932433788376793665e-02,9.727274053179024715e-01,-2.266462102834036763e-01,-9.961541476410314955e-01,-3.145842075467149973e-02,8.177580266308778767e-02
-5.592628744891032372e-02,-7.698361524545656032e-01,6.357865591109427283e-01,-6.090200512305703195e-02,-6.329671406884150864e-01,-7.717794662860132382e-01,-9.965757352776422051e-01,8.188343655882367178e-02,1.148506304484749399e-02
-3.180741595604655858e-01,4.929830960846982024e-01,8.098126301772827773e-01,-1.862163304669484792e-02,-8.572572648884667634e-01,5.145514712627102805e-01,9.478829378159403518e-01,1.485854931367471543e-01,2.818515343700151443e-01
-1.792300312152588643e-02,-2.791393986868939692e-01,-9.600833099579562102e-01,-6.464586663287805735e-01,7.357630609083378737e-01,-2.018512098829428059e-01,7.627384602126211499e-01,6.170363962551258519e-01,-1.936391670323108216e-01
-5.396030310948829456e-01,7.755466902137010399e-01,-3.276521022850119591e-01,-1.432830317855115221e-01,-4.680886927592808333e-01,-8.719879291098358021e-01,8.296375965658540075e-01,4.235803430395245206e-01,-3.637047584991870419e-01
1.228347933707633483e-01,9.923312866146599687e-01,-1.379243065072657468e-02,2.048379593986877356e-01,-1.175235245155414887e-02,9.787253407372450420e-01,-9.710576831099909656e-01,1.230467383458320602e-01,2.047107135826279622e-01
4.614450860134381230e-03,-7.233488293578111961e-01,-6.904673619440262478e-01,-6.676387861331428697e-02,6.887112422539301004e-01,-7.219552682164979140e-01,9.977581326933727679e-01,4.942970624768646543e-02,-4.511554925412500361e-02
-1.004583004022288756e-01,-5.053354328356459702e-01,-8.570555584097834245e-01,-8.643961626094360806e-01,4.708820299182671643e-01,-1.763218306567106708e-01,4.926737297100149959e-01,7.231225444009214964e-01,-4.841140173892514720e-01
-8.697080254120556631e-02,7.890148085788567522e-01,-6.081872337928578842e-01,-4.870150419284478838e-02,-6.131379760691326730e-01,-7.884731991584762456e-01,9.950197199024212180e-01,3.895451379644682827e-02,-9.175130985544245610e-02
7.920371188410905983e-02,-1.074163398994462670e-01,-9.910542376411018983e-01,-4.291970537386568391e-02,9.928881426205964367e-01,-1.110451941060162512e-01,9.959340695620367834e-01,5.133094744916545660e-02,7.403014872044666461e-02
9.272898819286243266e-02,4.055302047648205732e-02,9.948652106084331370e-01,1.485677196912765785e-01,-9.885485022861578708e-01,2.644789771472835782e-02,9.845450560611548330e-01,1.453523689453613266e-01,-9.769197217534927868e-02
3.386798420577585150e-02,5.619850364957834632e-02,-9.978450219514981567e-01,-3.853522272895167911e-01,9.219515899205433795e-01,3.884490656432456474e-02,-9.221478301058059213e-01,-3.832062030167706079e-01,-5.288086043762193350e-02
7.333873090370909842e-02,1.690106829828529611e-01,9.828818950347507633e-01,-1.969761447010911215e-01,9.685767800412766748e-01,-1.518532830845850667e-01,-9.776614081409412682e-01,-1.824675593154624076e-01,1.043252645782890564e-01
6.869169517724026466e-03,-3.785615053220574636e-03,-9.999692413413553416e-01,7.604094723051495197e-02,-9.970954364369226663e-01,4.297089823206901547e-03,9.970810342466769338e-01,7.606812575140461941e-02,6.561355823737246434e-03
5.147919392594726279e-02,9.698755958426932278e-01,2.380991834961123654e-01,-1.797588145949268745e-01,2.435202066042636004e-01,-9.530921663463841620e-01,9.823627950854824098e-01,-6.263989479365382647e-03,-1.868799113538988366e-01
-4.179659324020858907e-02,9.144851870421353279e-01,-4.024548266253297202e-01,-8.875092987031725500e-02,-4.046127068440904528e-01,-9.101713189875034749e-01,9.951765256680176197e-01,2.323820304829212965e-03,-9.807284343040278962e-02
-2.438689262949139402e-01,-8.786475993356961112e-02,-9.658197195903497345e-01,8.202392317726986404e-01,-5.500329798741055987e-01,-1.570710785337174620e-01,5.174316857795809854e-01,8.305079801017134500e-01,-2.062060754164939391e-01
8.090021989904927491e-02,-9.385924629313636691e-01,-3.354092171493223695e-01,4.447619852681352487e-02,3.395764731373133172e-01,-9.395263097200777791e-01,-9.957293920462975123e-01,-6.109015812764030662e-02,-6.921683606645799569e-02
1.015499496919386180e-01,-2.196286505523783461e-01,-9.702839087473863477e-01,-9.150653572638806077e-01,3.620373983414699182e-01,-1.777197629349824559e-01,3.903114136853945149e-01,9.059206245906321620e-01,-1.642096899949191668e-01
8.159816741650062488e-02,-1.510315577449407032e-01,-9.851554230878524221e-01,3.377906902949177614e-01,9.341407750841907998e-01,-1.152322084974080063e-01,9.376775504534335948e-01,-3.233735933718830946e-01,1.272412295028796658e-01
-2.118074552850609388e-02,-1.640307227748493690e-01,-9.862278124271374180e-01,-8.383635958047040981e-01,5.403532149012904018e-01,-7.186713000563020592e-02,5.446997863486484626e-01,8.252952957165091696e-01,-1.489624705083016087e-01
6.590570640930985824e-02,-1.802277759341242014e-01,-9.814144825936332861e-01,1.703467289599165102e-01,9.711464738407467046e-01,-1.669027210064009115e-01,9.831777203513851759e-01,-1.561809051341515320e-01,9.470530648348356173e-02
-7.341077066861420586e-02,-1.672536215332104115e-01,-9.831770363641870736e-01,-3.964287565697772742e-01,9.094994615149534223e-01,-1.251198244426102724e-01,9.151257289107221915e-01,3.805745072755599701e-01,-1.330712016087051419e-01
2.292674877195285607e-02,-3.855715858712523980e-01,-9.223930378962512666e-01,-2.987888776054060669e-01,8.778235090489541204e-01,-3.743675915197292592e-01,9.540437992094752406e-01,2.841838122231954422e-01,-9.507886232092849221e-02
-1.212438841931294670e-01,-3.244685370419452819e-01,9.380938593848822116e-01,5.044873270359020445e-01,7.937646279821025663e-01,3.397502792119597159e-01,-8.548639993624329581e-01,5.144491071372309099e-01,6.745115832787622334e-02
1.480298748117097607e-01,-9.807325966739112166e-01,-1.274783510423516675e-01,1.558924030222445974e-02,1.311963396040594088e-01,-9.912338251196313177e-01,-9.888600162561074214e-01,-1.447449283938603837e-01,-3.470985384911749044e-02
-4.350073951399016647e-02,9.405984980915004234e-01,-3.367226619188978254e-01,9.730722590216292489e-02,3.394282417155358722e-01,9.355852566779399027e-01,-9.943032683487273982e-01,-7.933102414156869425e-03,1.062924100635837810e-01
-1.688639417214325145e-01,-4.219511079140980669e-02,-9.847357725865357736e-01,7.417847980377164641e-01,-6.633233940339834378e-01,-9.877949345578353191e-02,6.490302632284914441e-01,7.471423208148079143e-01,-1.433110946892025006e-01
7.073697838215800039e-03,9.896361310572039383e-01,1.434234670652691779e-01,7.825600389580436578e-02,1.424393354487588359e-01,-9.867051401361885965e-01,9.969082007151679470e-01,-1.820340141414720711e-02,7.643739610820057817e-02
-1.225647691175085936e-02,8.910762317692708656e-01,-4.536881395293338448e-01,-2.122909865806623109e-01,-4.456976041231503483e-01,-8.696471598846814421e-01,9.771296310062043133e-01,-8.565509240413113345e-02,-1.946301347554354189e-01
-1.862291215293619684e-01,-6.080352374145323591e-01,-7.717589418702286430e-01,-4.849735969689105697e-01,7.400254900176844730e-01,-4.660073866014602384e-01,8.544702010821902949e-01,2.874985637987415021e-01,-4.326953330881004312e-01
-5.919140070875208298e-02,-1.224531856795849222e-01,-9.907076235696671285e-01,9.207205256037467311e-01,3.767696390770735593e-01,-1.015792931738176003e-01,3.857072618114631424e-01,-9.181774645386656664e-01,9.044363879925766680e-02
4.923403805693194607e-02,-5.889237255788074693e-02,-9.970494962393353644e-01,-9.987075261668022508e-01,-1.551701939118955986e-02,-4.839937279551427551e-02,-1.262088247288024011e-02,9.981437324171893444e-01,-5.958022123061074149e-02
7.011828112811033242e-02,-9.428653412202681050e-02,-9.930727446339946418e-01,-9.483135910538742497e-01,3.025652905361998490e-01,-9.568478450229421506e-02,3.094911302027001376e-01,9.484536332610049580e-01,-6.819784365985713526e-02
1.096352669578330372e-02,-4.207200348680467661e-02,9.990544267481110685e-01,9.887132063018403416e-01,1.497516284080274152e-01,-4.543729027859050827e-03,-1.494188634902750556e-01,9.878281208346673115e-01,4.323895143876919922e-02
4.475647618532694466e-02,-2.046804640349068893e-01,-9.778050754020086721e-01,3.797869740373758241e-01,9.087823060490830551e-01,-1.728484149873648901e-01,9.239906450776468327e-01,-3.636215448162635200e-01,1.184088677187155325e-01
-2.644479629266999893e-02,-2.752319869913918415e-01,-9.610140613361540796e-01,-5.375131932253509603e-01,8.144634883570701644e-01,-2.184692043330577482e-01,8.428405779610553816e-01,5.107803632384499970e-01,-1.694791452429215972e-01
2.790092887288015723e-03,1.156407780232607263e-01,-9.932871819568875882e-01,9.956560227005298858e-01,-9.276333792309590653e-02,-8.002974292568961617e-03,-9.306610468823944826e-02,-9.889500359449613365e-01,-1.153972554379749937e-01
2.524745215511188176e-02,-2.921462661264956004e-02,9.992542578100725992e-01,3.512239357025500053e-01,9.361088109498265641e-01,1.849435188680757791e-02,-9.359510206999542836e-01,3.504950779311821196e-01,3.389523855540996222e-02
1.058049959999788764e-01,1.052507092437221098e-01,9.888010876941518701e-01,4.329734331364680222e-01,8.902955566323166314e-01,-1.410951028164120213e-01,-8.951755744095483136e-01,4.430531684171179485e-01,4.862695688697852431e-02
1.938127901494833549e-02,5.438700213848398496e-02,9.983318185964691338e-01,5.665759888385990539e-02,9.968550737388147676e-01,-5.540648382542928685e-02,-9.982055311970878808e-01,5.763693225329115377e-02,1.623888936994121249e-02
-8.741663046452614536e-03,-2.974428252943158713e-01,-9.546996119241474288e-01,-9.404811337531224780e-01,3.268137588499956947e-01,-9.320946347221573114e-02,3.397334549049059738e-01,8.970621676936734179e-01,-2.825962613183412575e-01
1.174383649055772173e-02,-6.395168182167380866e-02,9.978838933947487000e-01,8.954922343691306130e-01,4.447145535568394203e-01,1.796173820439591132e-02,-4.449221735192182559e-01,8.933863376204722595e-01,6.249088944809766399e-02
1.423575951709705467e-01,6.909745911194491164e-02,-9.874005551150004667e-01,-9.885581628950278477e-01,6.018593685867225374e-02,-1.383127310772642449e-01,4.987056918409667194e-02,9.957927465837040915e-01,7.687478247473104875e-02
1.393818595697762786e-01,1.704961807892229828e-02,-9.900919188369502466e-01,-6.650053979702156282e-01,-7.392280765325011105e-01,-1.063469394789224587e-01,-7.337169194541898198e-01,6.732393046973873529e-01,-9.169689589747496983e-02
1.171218334110763898e-01,-2.103983030225159978e-01,-9.705745876663337546e-01,-9.723692562125361150e-01,1.744310256533951886e-01,-1.551510453145071300e-01,2.019418374461014742e-01,9.619284647907817565e-01,-1.841551598900835196e-01
1.463402857440843086e-01,-2.129676283468384945e-01,-9.660379444124658210e-01,-9.888015515842861758e-01,-6.037370496847014462e-02,-1.364789629682487404e-01,-2.925768878172173640e-02,9.751921887631704866e-01,-2.194178265830946106e-01
-3.654591858387526426e-01,1.432140329250334299e-01,-9.197441623948606759e-01,7.251739032545881924e-01,-5.756742598026549640e-01,-3.777855961245353278e-01,5.835772386964568348e-01,8.050396806207833489e-01,-1.065303670387272583e-01
-2.619139504498929072e-01,-4.206442245634799404e-01,8.685962922446307521e-01,8.982683084665465945e-01,2.228196166796422295e-01,3.787683519347760930e-01,-3.528670125760981491e-01,8.794372375355310467e-01,3.194918100225633273e-01
9.057287607247509198e-02,1.508243846563237737e-03,-9.958886882179451838e-01,2.439554472953100184e-01,-9.695650983351331575e-01,2.071858647033994819e-02,9.655476652423251593e-01,2.448290123553234499e-01,8.818424379792386136e-02
1.486240515116067119e-02,-3.358043769745744367e-02,-9.993255040862161209e-01,-9.990190466834456551e-01,4.119631335370890768e-02,-1.624217133767266383e-02,4.171394583136497913e-02,9.985866101496205793e-01,-3.293522055593010173e-02
1.764388929517933524e-02,-1.060148007806900605e-01,-9.942080039840607286e-01,-9.861963969323100931e-01,1.618891813641294142e-01,-3.476434430535898373e-02,1.646370549064481992e-01,9.810977295726878156e-01,-1.016950597573372667e-01
2.101943557622754067e-04,-7.889523497206803182e-02,9.968828906732400963e-01,-9.540977820202443116e-01,-2.985774815893036394e-01,-2.342882480705154452e-02,2.994952055749528497e-01,-9.511188303185312831e-01,-7.533652800020387841e-02
2.678082062721307693e-02,-1.844895736760501781e-01,-9.824695338031418368e-01,-8.377784712586781035e-01,5.320351225048803867e-01,-1.227430711555198700e-01,5.453531156434383576e-01,8.263789842596713786e-01,-1.403130558143056428e-01
3.801280355091827406e-02,-5.397176765392926179e-02,-9.978186584056791819e-01,9.249012502438024308e-01,3.799237147272937487e-01,1.468496800355458508e-02,-3.783023976445968328e-01,9.234419414798767933e-01,-6.436052091325086821e-02
-1.011125960882639091e-01,9.427710385969600981e-01,3.177404785278407640e-01,1.954735778382649114e-01,-2.943257063610581481e-01,9.355011806204051039e-01,-9.754826104443887758e-01,-1.567008211780443472e-01,1.545267917311660688e-01
9.406048821229054391e-02,-1.597390017160813525e-01,-9.826678359893618042e-01,-5.065114869230189498e-01,8.420719048459733846e-01,-1.853672589323856479e-01,8.570873573751381924e-01,5.151682816321516700e-01,-1.703944799145594305e-03
5.784615872627740796e-02,-3.174794340321038244e-01,-9.464991446838550981e-01,-4.607315068421358739e-01,8.325939963393781396e-01,-3.074308310215465023e-01,8.856524716408739062e-01,4.538656698036089843e-01,-9.811041356620642251e-02
2.067811898249101443e-02,-5.158858481382580519e-02,9.984543220960349075e-01,8.954486855020160618e-01,4.451424546787519643e-01,4.454960750298557655e-03,-4.446842329429473994e-01,8.939724900462441282e-01,5.539963910045491574e-02
-2.372666899274884778e-02,-2.834544101213496980e-01,-9.586921521329284657e-01,-7.787629548388274037e-01,6.065537979192612283e-01,-1.600648318663980552e-01,6.268694484094810004e-01,7.427961278927602828e-01,-2.351352951777241351e-01
-3.782570769129878219e-02,1.621353773678655408e-01,-9.860432725004679710e-01,-1.456937602926491604e-01,9.753105907385610784e-01,1.659595728031000306e-01,9.886063645604555861e-01,1.499378904712853622e-01,-1.326970050831275706e-02
7.951102942153395053e-03,-1.195689036694276841e-01,-9.927940658753426906e-01,-9.327883132159091595e-01,3.568761758558567365e-01,-5.045153946430733921e-02,3.603369849041620498e-01,9.264678474624959970e-01,-1.086949167550490675e-01
-5.472411461417778060e-03,-4.059996120944557585e-02,-9.991604955474312488e-01,9.951940885699818162e-01,9.746873678880783876e-02,-9.411239246636596625e-03,9.776900729863360895e-02,-9.944101208749765997e-01,3.987145235947785193e-02
1.136793613506329875e-01,-1.876528023245296606e-01,-9.756348848737744772e-01,-6.070320598033341897e-01,7.642683515652660686e-01,-2.177291095986751412e-01,7.865043427558640055e-01,6.169929599075354432e-01,-2.702972901648681078e-02
-1.134306449557673235e-01,-9.436416198462448113e-02,-9.890545453704050471e-01,7.061652855897541103e-01,-7.079193467964212116e-01,-1.344573758739649877e-02,6.989020519449485880e-01,6.999611441817807922e-01,-1.469364434810937481e-01
-3.306429096474250429e-02,-1.816806222933387352e-02,-9.992880836764891361e-01,9.912093881086181391e-01,1.275570790888692074e-01,-3.511610029110166786e-02,-1.281042606174268850e-01,9.916648189227784682e-01,-1.379076946785029109e-02
-1.923163505615789178e-04,-3.465321533494401373e-03,-9.999939772624087952e-01,-7.802234542639343573e-01,6.254976347344319842e-01,-2.017512846398915750e-03,6.255008588570247774e-01,7.802183671820989153e-01,-2.824018559395223473e-03
5.567697752467683225e-02,-1.869992367200706829e-01,-9.807809947382889471e-01,-9.850519897181089224e-01,1.500876283008433787e-01,-8.453568112591819395e-02,1.630112012289697543e-01,9.708269615627386218e-01,-1.758475446992355251e-01
2.630780767441337833e-02,-5.914199990804572815e-01,-8.059344166512794061e-01,-6.665640390219798039e-01,5.904453720008062678e-01,-4.550457609576576967e-01,7.449834099750614058e-01,5.491781563122312138e-01,-3.786859800566004242e-01
1.274975880001595896e-01,-9.769476239113475957e-01,1.712241372824332419e-01,-6.577333204898395957e-02,1.639250084476899794e-01,9.842776337988174973e-01,9.896556137593094382e-01,1.367550062681317513e-01,4.335705727200069026e-02
-6.776625035252544782e-01,3.336185165683845655e-02,-7.346158983917460139e-01,5.634209926321409601e-01,-6.184210216524714809e-01,-5.478249949023191734e-01,4.725783706194113254e-01,7.851384762144448803e-01,-4.002839701891170443e-01
7.142205267788423462e-02,-1.174987353211094654e-01,-9.905013566821690985e-01,-4.773554062403850828e-02,9.914968795248781941e-01,-1.210588949799218800e-01,9.963032713750408220e-01,5.592839252444904707e-02,6.520587670618978315e-02
7.705429518612968987e-02,-9.952028558398462454e-01,-6.028193196624612865e-02,3.782924353566409770e-01,8.512312012186613874e-02,-9.217640087205942745e-01,-9.224735600250613121e-01,-4.822167716839229068e-02,-3.830368140345743466e-01
-6.806776485850234149e-02,9.226124599696272632e-01,-3.796748979007709135e-01,-5.478714186335434944e-01,-3.526087918855940195e-01,-7.586197654487063513e-01,8.337887550402895975e-01,-1.563754731208662208e-01,-5.294742896256520170e-01
-1.199703156091054719e-02,8.824180690641740821e-01,4.703131112597020991e-01,-8.083151209968827966e-02,4.679518221881746043e-01,-8.800496342607302402e-01,9.966555763579535432e-01,4.857410318082432121e-02,-6.571315404676708605e-02
4.508774787539681500e-02,9.961400170828539347e-01,7.531375277926233291e-02,2.180198413013350600e-01,-8.338514283327745635e-02,9.723755790606911642e-01,-9.749022739692762007e-01,2.742233252013842951e-02,2.209379367349338097e-01
5.927007903296555372e-03,-1.120648020153738045e-01,-9.936832245371607364e-01,-9.494456711407572858e-01,3.112730579703669176e-01,-4.076764567464646188e-02,3.138754340966992684e-01,9.436898661801086385e-01,-1.045545232860689983e-01
-1.597459564156432921e-01,6.098649461219541879e-01,-7.762383505731454969e-01,-9.639869988625677788e-01,7.299718125390322609e-02,2.557351707390381201e-01,2.126271276972711011e-01,7.891363374098615546e-01,5.762408745885331252e-01
-1.567092435729828051e-02,-3.365752521184572910e-01,-9.415261662806747589e-01,-1.080011939523482234e-01,9.367023411257289212e-01,-3.330532483469361149e-01,9.940272452174816475e-01,9.646669783389275055e-02,-5.102952061669151218e-02
3.694191727397326541e-02,-2.157691056842641064e-01,-9.757453498635473288e-01,-4.635096754961050280e-02,9.749910031599285931e-01,-2.173571520893912978e-01,9.982418958125021113e-01,5.325633097960120327e-02,2.601693016582273116e-02
1.577649759604511995e-02,-2.123723652175494303e-01,-9.770614518112492597e-01,-9.662427797856348866e-01,2.480754622648246310e-01,-6.952305757245627604e-02,2.571497474930344862e-01,9.451754035701508405e-01,-2.012895025833959239e-01
2.860656187934343953e-01,-4.225370758479683568e-03,-9.582007138310233429e-01,-9.329512834970586921e-01,2.268612805617001571e-01,-2.795279270539819949e-01,2.185597501039937274e-01,9.739179152391945760e-01,6.095514753177900397e-02
5.279562433801809895e-02,8.810504216321259074e-02,-9.947110754365697805e-01,-3.081683415005765370e-01,-9.460454792987691430e-01,-1.001510079587144691e-01,-9.498657249040745043e-01,3.118259973828044207e-01,-2.279587701046302539e-02
1.074653128988433889e-02,-1.715836101375971534e-01,-9.851109464407471483e-01,-6.070608816228753035e-01,7.817229754350792925e-01,-1.427805157582218154e-01,7.945826565364316751e-01,5.995567149228465675e-01,-9.576088722663073094e-02
9.970884236970246547e-03,9.933384506752283849e-02,9.950042053637937478e-01,9.999407548693711734e-01,3.354847886688494107e-03,-1.035527628455134262e-02,-4.366717165691790144e-03,9.950485074707456912e-01,-9.929450922098546906e-02
2.049632359721354283e-02,-5.540075130683746324e-02,-9.982538041368218540e-01,-5.712989546861468870e-01,8.187485881842687663e-01,-5.716864281039706064e-02,8.204860785494866304e-01,5.714731018174913357e-01,-1.486905530223705217e-02
1.562738640219769326e-01,-1.407038774664162439e-01,-9.776404749648803794e-01,-9.875219989083611205e-01,-4.176096596346304951e-02,-1.518430880673660999e-01,-1.946229934195927574e-02,9.891705821483545158e-01,-1.454743218461931331e-01
5.659966850215890355e-02,9.952340301806262834e-01,-7.940845481353932256e-02,3.386313547310058989e-03,7.934413332906928296e-02,9.968415327356794364e-01,-9.983912111021436830e-01,5.668980222832924881e-02,-1.120677164871569133e-03
1.773951266925859194e-01,-9.501943695654975208e-01,-2.562452518033216387e-01,-1.381445227795214531e-02,2.579449989003940735e-01,-9.660608357916887767e-01,-9.840427480216403788e-01,-1.749143721605007917e-01,-3.263177098651301455e-02
1.038184827196081232e-02,-6.789548300072579812e-01,-7.341066380549039483e-01,-3.057480595353491704e-01,6.968304667610677461e-01,-6.488030708033994953e-01,9.520558498937059522e-01,2.311874551167686365e-01,-2.003547336096787035e-01
-1.120921941970435959e-01,-9.102813585876917690e-01,-3.985262704111713350e-01,-3.256699019276108609e-01,-3.452507088483343645e-01,8.801937644735862154e-01,9.388154530995709290e-01,-2.284508617787827933e-01,2.577513312748918040e-01
1.324032548021560063e-01,-7.388109405027350196e-02,-9.884386486068470479e-01,-8.021496257263781571e-01,-5.937832354456319406e-01,-6.306700603920270543e-02,-5.822588394046300797e-01,8.012259689036869137e-01,-1.378825249606390468e-01
-3.833683748812939662e-02,-2.900096706616782094e-01,9.562555504749311597e-01,8.458639387033504153e-01,5.000769713790355064e-01,1.855726809032676450e-01,-5.320192516184570897e-01,8.159763560416908312e-01,2.261373527046346421e-01
1.112132143555728814e-01,-9.916748982230606524e-01,-6.490390733217385466e-02,-1.237995275841011732e-02,6.392152898179066789e-02,-9.978781362983807357e-01,-9.937194562462792202e-01,-1.117807423795000310e-01,5.167969687114984390e-03
-9.025147814364656296e-03,9.792189406706470756e-01,-2.026050664193393969e-01,1.389777243350471050e-02,-2.024709157239866497e-01,-9.791896548714540405e-01,9.998626898871243451e-01,1.165309048048268452e-02,1.178163205749949496e-02
-5.060756941088437669e-03,-1.309366002774785820e-01,-9.913778267880309913e-01,-7.345964347629038715e-02,9.887605836465157561e-01,-1.302159322331096214e-01,9.972853500977139074e-01,7.216727052325930258e-02,-1.462243296114487841e-02
2.021001554647963716e-01,-9.259341400824915302e-01,-3.190634660859848482e-01,-3.263050127499594194e-02,3.192390148021305718e-01,-9.471122963063605127e-01,-9.788211162146267519e-01,-2.018227431630590651e-01,-3.430455938341502725e-02
-8.354775544337330606e-01,4.851368406352941087e-01,-2.581075394013778168e-01,1.433410601230173942e-01,-2.610362170494975875e-01,-9.546273795944140161e-01,5.305003265976734328e-01,8.345671568225607739e-01,-1.485498711977524533e-01
-1.302004651458498787e-02,4.749367632976723708e-01,8.799236042163487426e-01,-7.500716520836203313e-03,-8.800198275453197105e-01,4.748777130786188128e-01,9.998871024472876234e-01,-4.171276021957681787e-04,1.502026511521665185e-02
-3.375223372486495926e-02,-1.559790157739310845e-01,-9.871835358011080697e-01,-3.420721756794102841e-01,9.298920200399517499e-01,-1.352311269344914635e-01,9.390673103375161146e-01,3.331236672832081913e-01,-8.474201408539693003e-02
1.141099203401652745e-01,-9.853557725881939566e-01,-1.267001480152422366e-01,4.098219657341711786e-02,1.320934048101982949e-01,-9.903897172172515528e-01,-9.926224789132971349e-01,-1.078208413655378783e-01,-5.545521186731336427e-02
3.256311430667378770e-02,-9.714566309217119722e-01,-2.349716106785824377e-01,1.729008413368630578e-02,2.356086351691924208e-01,-9.716942029385378099e-01,-9.993201171683178119e-01,-2.757871048375915707e-02,-2.446871779951773074e-02
1.802959019135512153e-01,9.550969723021207614e-01,-2.351237147811785777e-01,6.807993678291811290e-02,2.263504953943236420e-01,9.716638181194038326e-01,-9.812535401010346048e-01,1.911942120830702752e-01,2.421287478018608122e-02
-1.004453143774679535e-01,-1.478036624877399237e-02,-9.948327897657796015e-01,8.899892495105162782e-01,4.456574887759185422e-01,-9.648076727332775826e-02,-4.447807039152212316e-01,8.950815289522482399e-01,3.160983949953311695e-02
1.132725721005681530e-01,2.470418186865710741e-01,-9.623615039213451183e-01,-8.057539508204779599e-01,-5.438682006333369623e-01,-2.344524495010594511e-01,-5.813173790167572852e-01,8.019836158924243952e-01,1.374495714551348668e-01
-9.877065474242438525e-02,1.614020612263825649e-01,-9.819336700580278965e-01,-7.345804657321478581e-01,-6.774862118500720731e-01,-3.746961592784757433e-02,-6.712941956597670012e-01,7.176083941711622893e-01,1.854785580292011848e-01
2.438702333260431981e-02,-4.654660628149768775e-01,-8.847296860965497833e-01,-6.829852805779939029e-01,6.385016573868806944e-01,-3.547488407704887381e-01,7.300249171136379278e-01,6.129086211514164217e-01,-3.023353146946205494e-01
9.780502807705036827e-02,9.945926843475209056e-01,3.492232416721553073e-02,2.728838159902066338e-02,-3.775751560601092738e-02,9.989142677151868766e-01,-9.948314031596277029e-01,9.674586429225048856e-02,3.083369958003515099e-02
6.004437218802224363e-01,1.440608902658633006e-01,-7.865836234949422634e-01,-5.004136318479210366e-02,-9.749420346724887443e-01,-2.167576780630289801e-01,-7.980997424039391053e-01,1.695125037408002355e-01,-5.781888205857075302e-01
9.145310200859331218e-01,3.811514196104262009e-01,-1.354865625423387343e-01,2.638289707756062419e-01,-3.081206320880804372e-01,9.140327949593090029e-01,-3.066386920792400494e-01,8.716566247156034564e-01,3.823446627185148050e-01
-6.834867232054135655e-02,4.622833587322107141e-01,8.840942004284870759e-01,-1.017214210026606142e-01,-8.847773820819456736e-01,4.547765788444013690e-01,9.924621965098815446e-01,-5.884794300130422734e-02,1.074974795206685707e-01
7.008559374971867761e-01,7.074765682364341224e-01,-9.098274710810755339e-02,7.780486039623241146e-02,5.096753247328868891e-02,9.956649608840851817e-01,-7.090467957572774704e-01,7.048965995307273635e-01,1.932421787175606434e-02
1.173215835791614203e-01,1.890931208280991482e-01,9.749253497996488438e-01,7.892754576223576235e-02,9.768242245851724848e-01,-1.989594852816192749e-01,-9.899525688367237786e-01,1.002907070424102765e-01,9.967790895933499595e-02
2.069994637905459844e-01,-7.105259707125409774e-01,-6.725355506837001895e-01,-8.907266835488901746e-01,1.474664710519938138e-01,-4.299530382837952747e-01,4.046692442037344017e-01,6.880454090090803998e-01,-6.023589610332907851e-01
-1.107195035493131197e-01,-4.738994710583466774e-01,8.735905693540959582e-01,8.443966369200681665e-01,-5.084326010355654235e-01,-1.687916163862640262e-01,5.241521831413772370e-01,7.189684148381128015e-01,4.564525247748101311e-01
2.198724290082228194e-02,-8.622715391573559929e-01,-5.059687281925877578e-01,-9.992380492050313423e-01,-3.527765939660282291e-02,1.669753779515624828e-02,-3.224720407327823224e-02,5.052160720985641174e-01,-8.623901891387416585e-01
-6.766185811161776753e-01,-6.696897396553618265e-01,3.061093730820149128e-01,-1.995919688462660380e-01,5.669630606157400887e-01,7.991970557186152124e-01,7.087667752232758023e-01,-4.796546054168210338e-01,5.172824352730649444e-01
1.752423097473211067e-01,-1.663368300789758725e-01,-9.703721924260307885e-01,-8.887210346823163354e-01,-4.508323943676156853e-01,-8.321703372480943051e-02,-4.236331613408200192e-01,8.769733240800661189e-01,-2.268319498314601557e-01
-1.040318851923351245e-01,-5.850440675837311755e-01,8.043014396657587328e-01,9.036791519397916472e-01,2.821442237164303313e-01,3.221158601696475499e-01,-4.153809783953856805e-01,7.603407630849049470e-01,4.993401313521234619e-01
2.564611191758329675e-02,2.922202136001488815e-01,-9.560071253432133043e-01,9.211735591406366996e-01,-3.783757331301803584e-01,-9.094547002666029945e-02,-3.883060016065710829e-01,-8.783160885135157248e-01,-2.788894006136404258e-01
1.188889437291782564e-01,-1.936881899472379931e-01,-9.738327906442268977e-01,-9.355191285196819972e-01,3.067583706458890669e-01,-1.752234636470078044e-01,3.326700756496367428e-01,9.318713361369379555e-01,-1.447288279978212189e-01
-9.264051110638595044e-02,2.725808837638324933e-01,9.576624653334157022e-01,4.860212646523599522e-01,-8.270557452943883003e-01,2.824218909384763054e-01,8.690230526330521288e-01,4.916080308356159945e-01,-5.586123888941079557e-02
-3.639097592181176483e-02,-4.188429525246404467e-02,-9.984595147939965276e-01,4.704286695845160543e-02,9.979418820493254350e-01,-4.357715823891830653e-02,-9.982297659055191508e-01,4.855621343406726215e-02,3.434572167181437069e-02
2.198940154225029805e-03,-3.029394943642012561e-01,-9.530072546505404807e-01,-9.685390942347318344e-01,2.365134671842128167e-01,-7.741707033637761082e-02,2.488517381919669313e-01,9.231950187229480687e-01,-2.928886645194248572e-01
-2.430754119959919746e-01,2.589221867912634006e-02,-9.696617642739405740e-01,9.143250455135857324e-01,-3.277005290154413331e-01,-2.379539334190113320e-01,3.239198283982597792e-01,9.444267871544475001e-01,-5.598203707949307717e-02
3.805584579094126868e-02,2.502688280748183725e-01,-9.674281711296157660e-01,9.274640023498370578e-01,-3.692231034832609282e-01,-5.903239957354623063e-02,-3.719708012013278609e-01,-8.950082756870163525e-01,-2.461664264382861511e-01
5.062064685370107342e-02,2.118452749669560986e-01,-9.759913573317580138e-01,9.813440852007752069e-01,-1.920387198004591678e-01,9.215017029529991993e-03,-1.854759729818575287e-01,-9.582498158473996552e-01,-2.176142317838101747e-01
-1.476536317504865276e-02,-1.416326048009841354e-01,-9.898091681266634190e-01,-1.715153313141796199e-01,9.756034858922825181e-01,-1.370413420797324533e-01,9.850707970366882060e-01,1.677439822232537070e-01,-3.869730292137404937e-02
1.850240650396490702e-02,-2.685642265368920478e-02,-9.994680552753091307e-01,-8.848934432206487788e-01,4.648977464984740404e-01,-2.887350767996588533e-02,4.654258857204511823e-01,8.849569581979042088e-01,-1.516334522612007227e-02
2.704187445796377154e-02,-3.750652662022063155e-01,-9.266038976361301582e-01,-9.521458661443942262e-01,2.726425360376993345e-01,-1.381459269290029601e-01,3.044453754123081501e-01,8.859977955004175731e-01,-3.497440775173450422e-01
-2.020325150616534074e-02,-3.224855051996128319e-01,-9.463587731747026277e-01,-9.996644345608068916e-01,2.186488667974379255e-02,1.389046452441439379e-02,1.621255386423316180e-02,9.463218404256728000e-01,-3.228190320141735015e-01
-1.173004227961634977e-01,-7.765534388356394313e-01,-6.190358369629213042e-01,-9.750621118186489911e-01,-2.819573771619255168e-02,2.201337740338721038e-01,1.883998113258014695e-01,-6.294201752463790545e-01,7.538804640559534365e-01
3.230488084933671317e-02,-1.248010101713157849e-01,-9.916557379118668969e-01,-9.833567268672727124e-01,1.735148461559607447e-01,-5.387156846015574846e-02,1.787902189667940067e-01,9.768916552124358166e-01,-1.171185364411347629e-01
-1.753881334700082562e-01,7.215945468901061588e-01,-6.697315227285999262e-01,2.083851928949933541e-01,-6.376525003113975298e-01,-7.416029262541640188e-01,9.621926075480017326e-01,2.696304855632710717e-01,3.853293701357030782e-02
1.896721845270601600e-02,-2.088517293480869341e-01,-9.777633659390603249e-01,-2.905462780551151258e-01,9.345850196631579898e-01,-2.052649539729914652e-01,9.566729351938868531e-01,2.879788120149256447e-01,-4.295461439688321587e-02
-3.332892143698571591e-02,3.051342060213291241e-01,9.517259580948607134e-01,-1.097408661223736731e-01,-9.476144638711253565e-01,2.999729490553291744e-01,9.934012911701688431e-01,-9.444545610018993675e-02,6.506866007125526596e-02
9.843926280435112697e-02,1.876270802135172888e-01,-9.772951398165683479e-01,9.731382297532225056e-01,1.872299865525998974e-01,1.339661073864470975e-01,2.081146254622679159e-01,-9.642307871594143487e-01,-1.641563028416417880e-01
-1.645554659974141076e-01,-7.109998175370791929e-01,6.836671398221607632e-01,9.763333010877894846e-01,-2.160240880325670076e-01,1.033820955087144840e-02,1.403381052935859241e-01,6.691882043580401618e-01,7.297207434016580452e-01
-4.436581274473690162e-02,-3.455846195175187319e-01,-9.373382235951068786e-01,9.114445851637547058e-01,3.701477851474738179e-01,-1.796089789684541527e-01,4.090237680565396716e-01,-8.623003466909607839e-01,2.985593228513871988e-01
7.804015878281901283e-03,5.531847674371651591e-01,-8.330220347695855843e-01,9.996080650671831380e-01,-2.671295555489935913e-02,-8.374619881793415876e-03,-2.688519274273571888e-02,-8.326301886678211250e-01,-5.531764233318106072e-01
4.551308038054870803e-02,3.613615763924830082e-01,-9.313143242866041005e-01,1.445146223864314794e-01,-9.248552437204740073e-01,-3.517929818504756945e-01,-9.884554028537559933e-01,-1.185773556370792875e-01,-9.431504280514693694e-02
4.786541521990431841e-02,-9.643756096761756380e-01,-2.601703009329277561e-01,6.742564347952356707e-02,2.629942716399440994e-01,-9.624384633242522025e-01,-9.965754786403275833e-01,-2.852536671595805665e-02,-7.761197605087662155e-02
3.396996668770265737e-01,2.228809585884099775e-01,-9.137440640695559946e-01,-8.880714911350312546e-01,3.959430527447254655e-01,-2.335768088154077660e-01,3.097307911022721960e-01,8.908160176388271179e-01,3.324359483588704700e-01
-4.275262636030997127e-02,4.170059775368064048e-01,-9.078976966805616389e-01,-2.796742526752393210e-01,8.674027231946199734e-01,4.115760296532135487e-01,9.591425990590982664e-01,2.715115660393307428e-01,7.954209060005819343e-02
-1.214265482133258384e-01,-8.965817248933953820e-01,4.259070367770173005e-01,2.356348157474819419e-02,-4.315648617829036526e-01,-9.017741027609857962e-01,-9.923206919766782708e-01,9.946346395278474195e-02,-7.353001845124013114e-02
-1.272384080650456883e-01,7.359515933281967071e-01,-6.649704051991791598e-01,-1.084846992733564802e-01,-6.767232410924377550e-01,-7.282010196291385240e-01,9.859216284962218912e-01,2.051602405523990716e-02,-1.659446751791767982e-01
-5.945244254653064830e-02,9.836469738813395924e-01,1.700118756126605402e-01,-9.909152579308881936e-01,-3.757267227287860306e-02,-1.291326678189383126e-01,1.206331574444308441e-01,1.761446140884194156e-01,-9.769445819761880534e-01
3.114217531453768867e-02,1.947159944874946036e-01,-9.803651597274480878e-01,9.202850942178655846e-02,-9.772331209176421396e-01,-1.911705543099386506e-01,-9.952692692785619633e-01,-8.426807742147118807e-02,-4.835258790805498780e-02
5.024063074586408023e-02,1.200149179059739057e-01,9.915000244590417289e-01,4.355278188958545960e-02,9.915460782015463881e-01,-1.222273700642005634e-01,-9.977870685732181943e-01,4.932336447521683959e-02,4.458891683937812184e-02
-2.816240961598827086e-01,9.135185916074878287e-01,-2.935500830345664225e-01,1.059724742306787787e-01,-2.744492164742732276e-01,-9.557444544867028657e-01,9.536549182841543848e-01,3.002688967644324691e-01,1.951631287701523568e-02
-1.700869165567312630e-02,6.030152612831469749e-01,7.975483051626272024e-01,-1.024136126335727925e-01,-7.945189923999304016e-01,5.985407443634402913e-01,9.945964791590120591e-01,-7.149940821725318807e-02,7.527069993749135879e-02
4.816139987267276795e-02,-1.456041761408219740e-02,-9.987334348069096812e-01,-9.852719892632650911e-01,1.635525286254717603e-01,-4.989666876078129032e-02,1.640718950201813797e-01,9.864271714724395235e-01,-6.469052895812555520e-03
1.847949118013320416e-02,8.646876951366769259e-02,-9.960831593318482113e-01,-9.792564609828867672e-01,2.026239121848228408e-01,-5.777838604768291203e-04,2.017803063457771773e-01,9.754315466037118965e-01,8.841948801760234067e-02
2.888872675845290949e-01,2.822702308520638401e-02,-9.569469064662324831e-01,-9.150548404120188994e-01,-2.857242837391784640e-01,-2.846687069564689532e-01,-2.814583195893827772e-01,9.578960636987087218e-01,-5.671283350741806312e-02
