1.446814338580236781e-01,3.220980505011548645e-01,-9.355854469582892685e-01,-6.283845968841496321e-02,-9.406344604141475552e-01,-3.335538035540490109e-01,-9.874809419329436677e-01,1.070497909607535103e-01,-1.158521971068534051e-01
-8.126216620402847493e-03,9.744625798966246588e-01,2.244028631382695982e-01,-8.905559689160451320e-02,2.228133040997572756e-01,-9.707849052073425078e-01,9.959935066383306390e-01,2.787313935249571828e-02,-8.497071752620441454e-02
-4.394445345062083369e-02,-3.861594605069706421e-01,9.213846949412017873e-01,-3.448374340460789306e-02,9.223123649547897429e-01,3.849035890873298005e-01,-9.984386593335273785e-01,-1.485841554366010980e-02,-5.384673653807178773e-02
5.863804064397769994e-02,7.809817905240765135e-02,9.952197016830672816e-01,2.178323305917746477e-01,9.719102938961893257e-01,-8.910362712919402128e-02,-9.742231037798225746e-01,2.220158891776009003e-01,3.997860695782561036e-02
4.283838466740846340e-01,9.035092888298499325e-01,1.257954319096062437e-02,8.454268214364624168e-02,-5.393729651000590819e-02,9.949589453546061613e-01,-8.996331556832889431e-01,4.251608319722910978e-01,9.949096517753130975e-02
-2.217637011429633986e-01,2.713977053656785876e-01,9.365704172018348705e-01,-1.318485717548528446e-01,-9.600111224539273902e-01,2.469708462368701285e-01,9.661453384359829366e-01,-6.871630292001075502e-02,2.486790194838025270e-01
6.523106279631837867e-02,-2.158330771614896670e-01,-9.742489370019683514e-01,-2.136219401339536084e-01,9.506732785576139655e-01,-2.249132813551106835e-01,9.747361566802927868e-01,2.227922804756034825e-01,1.590674764405499222e-02
2.004047973228113566e-01,1.699710295059131682e-01,9.648563449232756550e-01,-8.707451192769256887e-02,9.840282226722716352e-01,-1.552626367063376922e-01,-9.758360244336939937e-01,-5.289901807359280450e-02,2.120041209606377264e-01
-5.414577422850958000e-02,-9.873677539799582403e-01,-1.489065261624491487e-01,6.293486740937423440e-03,1.487848743674013152e-01,-9.888495604408782391e-01,9.985132083041450279e-01,-5.447916629363522972e-02,-1.842086348012202980e-03
7.680587692159351887e-02,-3.350138772771364404e-01,9.390775044169914487e-01,2.503160808297601875e-02,-9.409149110195225152e-01,-3.377166694403828107e-01,9.967317973592922931e-01,4.944524499751387636e-02,-6.388185877109804622e-02
2.480932475077973487e-01,9.572669868111244318e-01,-1.486258944551228367e-01,6.240963263769997577e-02,1.373098828654718828e-01,9.885600810378182279e-01,-9.667237342152421586e-01,2.545307683346374472e-01,2.567702622806995738e-02
-1.244184307361165254e-02,3.618454379021252554e-01,-9.321550727268240744e-01,4.958577705457770102e-01,8.117618977602608643e-01,3.084926137430708537e-01,8.683146157530132747e-01,-4.583781194757001187e-01,-1.895236862653785770e-01
7.967418858836514128e-02,2.160094016414440821e-01,-9.731351201530499262e-01,-1.859022206652730380e-01,-9.558915004318422337e-01,-2.274022949617744982e-01,-9.793326237926038846e-01,1.990260731780305048e-01,-3.600325222570075617e-02
-1.240347655056707327e-01,6.420424249182019039e-02,-9.901985620025938184e-01,1.198548617570556751e-01,-9.896288399945916137e-01,-7.918062366612198255e-02,9.850127862414530533e-01,1.285012618498766745e-01,-1.150531904983045639e-01
-5.585740450625715364e-02,-4.845084479822565071e-01,8.730014399734107311e-01,1.940386772162866758e-01,8.524279266092791296e-01,4.855055320804896879e-01,-9.794023392385674542e-01,1.965151235158001386e-01,4.639896683754836382e-02
1.404145347596379434e-01,9.864660338017332553e-01,-8.466712811777808712e-02,7.593537489889511105e-02,7.453278604275632990e-02,9.943232284542431465e-01,-9.871765684350488623e-01,1.460466636393397966e-01,6.444218162522752369e-02
-4.242376668970613274e-01,8.320735326402913801e-01,-3.573178392765247735e-01,-4.374133835693604089e-02,-4.129549878499642057e-01,-9.097004305421538817e-01,9.044938348626164748e-01,3.702996277196914932e-01,-2.115870705080427350e-01
2.749297193153498742e-01,-2.585297108421963364e-01,-9.260540146498118519e-01,-8.453026485027225201e-01,-5.239310847097502499e-01,-1.046883513536583793e-01,-4.581234351912870650e-01,8.115778502933127525e-01,-3.625800753513895858e-01
2.169008268828898633e-01,2.764876558264042217e-01,9.362203840299240243e-01,-7.893304562474300068e-02,-9.509442871754704152e-01,2.991229462892121549e-01,-9.729972279538728896e-01,1.387787406772245657e-01,1.844365894558958607e-01
5.479165477267886747e-02,9.973310756845439329e-01,-4.825557005343668326e-02,4.180947154329465315e-02,4.599420709589709805e-02,9.980663810603432884e-01,-9.976220941100604200e-01,5.670324847423017373e-02,3.917778651133435597e-02
1.480909747751292006e-02,9.724536389300292294e-01,2.326254731615737537e-01,6.739564771853603919e-02,2.311511093003737471e-01,-9.705807495194852530e-01,9.976164179184806580e-01,-3.005136936898685635e-02,6.211600356227239134e-02
7.070407471278561395e-02,-1.156133895099091674e-01,-9.907746857813025665e-01,1.152389960158488186e-01,9.875565548979376995e-01,-1.070141330637024157e-01,9.908183020192291579e-01,-1.066095448078949320e-01,8.314744337371599014e-02
-1.161363637754052186e-01,-1.147619383237230284e-01,-9.865809862962131582e-01,7.483675011562341828e-01,-6.631939205854520125e-01,-1.095020144431622933e-02,6.530378459340625552e-01,7.395968639811009160e-01,-1.629050354259197475e-01
-2.938336415249291345e-01,-7.913337963603714886e-01,5.361460751008824133e-01,-1.527542389168937698e-01,5.925725115809344912e-01,7.909007276590307445e-01,9.435719016593911990e-01,-1.504946552424541450e-01,2.949973307376438925e-01
6.022588494218071358e-04,-7.012252160248177990e-01,-7.129395722606688413e-01,-1.113583096936695549e-01,7.084584152604935792e-01,-6.969117596286916738e-01,9.937801387361530070e-01,7.981146695517836454e-02,-7.766057942106405210e-02
-2.101082493619048364e-01,-1.630082945851578716e-02,-9.775422274812683998e-01,3.792729891386255048e-01,-9.229187040643996864e-01,-6.612915694261763122e-02,9.011140456456818715e-01,3.846496440230423586e-01,-2.000952975284991386e-01
1.702462982427296878e-01,-9.846690190970173173e-01,-3.798842935902157353e-02,-6.660857880661570640e-02,2.696373769032445883e-02,-9.974147853722291623e-01,-9.831477483898390934e-01,-1.723365303128885362e-01,6.099692742839085691e-02
-3.795233368934403800e-02,-5.448444926779484332e-01,-8.376778015239761954e-01,9.081141441704861095e-02,8.329325262024691590e-01,-5.458724153184038030e-01,9.951446665581380469e-01,-9.678783804012837388e-02,1.786636584227941499e-02
-3.120340919114909517e-01,2.487008246802761002e-01,9.169419966869887251e-01,5.971421437636296181e-01,-6.993301709210675288e-01,3.928849350393650020e-01,7.389560106165643516e-01,6.701382035392857706e-01,6.970511122430043949e-02
-4.523068885800044653e-02,-5.812953626298607013e-01,8.124345426989476593e-01,2.784413316523216830e-02,8.122173070457240351e-01,5.826900980655755902e-01,-9.985884482777214188e-01,4.897701012118621522e-02,-2.055148281467036875e-02
-9.561272678701382421e-03,-2.757070892599638445e-01,-9.611941442791678281e-01,1.284311235747400692e-01,9.529382025819865820e-01,-2.746165118071786648e-01,9.916723393148030308e-01,-1.260729272746966279e-01,2.629806925034033904e-02
-2.470228335837914568e-01,1.174022126929668425e-03,-9.690089480290055013e-01,9.296377102228966516e-01,-2.818675095028503330e-01,-2.373276950088005766e-01,2.734107668321862361e-01,9.594526193401664571e-01,-6.853629565077046237e-02
-7.853947887360812619e-02,3.133617917262890851e-01,9.463804402798865478e-01,2.718715997789727945e-01,-9.065966612842965011e-01,3.227511843228286770e-01,9.591232368636912753e-01,2.826426741209761007e-01,-1.399054230040952876e-02
-1.512726329432779737e-01,-3.720006428163316059e-01,-9.158231883211110924e-01,-1.752652347178959291e-01,9.218994925136264618e-01,-3.455190634428119689e-01,9.728302462514665239e-01,1.082443876021020601e-01,-2.046569435200203124e-01
7.727669830461152134e-02,1.081739883857102541e-01,-9.911239580072040978e-01,2.920773733912626624e-01,-9.529385808695988169e-01,-8.123342318957237074e-02,-9.532676013858852881e-01,-2.832074316238246681e-01,-1.052351216136397649e-01
-2.435270742014944423e-01,-6.420034597116509589e-01,-7.269980205262804862e-01,-1.307468025842027648e-01,7.644527598102934807e-01,-6.312822281930908774e-01,9.610410177223798200e-01,-5.868164735840789015e-02,-2.701048435671531411e-01
-2.017166678808490071e-02,-6.017599273524323333e-01,-7.984222527533821889e-01,1.750323979985002679e-02,7.982498024904376432e-01,-6.020721629676015763e-01,9.996433066126636513e-01,-2.611977520524301488e-02,-5.569280719101683819e-03
-2.019881676617675814e-01,4.042506753218395171e-02,-9.785533169120934627e-01,5.077389249569141949e-01,-8.500723018951742427e-01,-1.399223557343013680e-01,8.374974413144429253e-01,5.251122693916592254e-01,-1.511791663097253602e-01
5.182729622482246112e-01,4.562783606788098356e-01,7.233278607787125836e-01,2.367619489386893206e-01,-8.892775069283254119e-01,3.913173842370096245e-01,-8.217888513098748904e-01,3.155270586812111006e-02,5.689178417093245788e-01
-1.617108508718302362e-01,9.265725623556738677e-01,-3.395775130952429222e-01,-1.041848144806584026e-01,-3.582134220209565734e-01,-9.278085302020385727e-01,9.813231502119673655e-01,1.146578866614823972e-01,-1.544617877806129802e-01
2.691602391777340661e-02,1.275134229279371589e-01,-9.914715601718785409e-01,-4.690196731451923284e-01,8.774942305927962982e-01,1.001220329354820388e-01,8.827774769777686492e-01,4.623247800513805572e-01,8.342495964163040845e-02
8.625107296386287647e-02,9.955444584598972524e-01,3.810490312771376564e-02,4.605477462872158145e-02,-4.219076134617680274e-02,9.980475426506133507e-01,-9.952083752393164895e-01,8.432775869676609193e-02,4.948857410251331079e-02
6.023030675679633301e-03,9.833772676123495593e-01,-1.814741652267599370e-01,-7.046829122953401914e-02,-1.806088986548392006e-01,-9.810273419522391736e-01,9.974958360979104821e-01,-1.869693210009465423e-02,-6.820910274571155563e-02
-3.974472239715694938e-03,-1.798383988801103284e-01,-9.836881385168034786e-01,-3.929686141015369949e-01,9.048390049660876011e-01,-1.638354156557661756e-01,9.195432952838779039e-01,3.859074051896628221e-01,-7.426710387680607317e-02
7.748793127136359427e-02,-9.919700743808013144e-01,-9.995495005366995811e-02,3.070710306965215852e-02,1.025834090775674251e-01,-9.942503296469628049e-01,-9.965202929837176926e-01,-7.397307425659471747e-02,-3.840950346820659611e-02
-3.991746350479995903e-02,9.814728411885186299e-01,-1.873970600534589914e-01,-7.458266785054738085e-03,-1.878339793206684205e-01,-9.821724749091299556e-01,9.991751449890584613e-01,3.780817665399043709e-02,-1.481794230636424708e-02
2.823196289796359518e-02,-9.819610052405696177e-01,-1.869640084557941118e-01,3.556671279469329067e-02,1.879069207047387169e-01,-9.815426623903023007e-01,-9.989684505588293240e-01,-2.106118083567971519e-02,-4.023010626258639866e-02
2.002111752343433901e-02,3.048688653259623016e-01,-9.521838739487100689e-01,6.574537417536665540e-01,7.134854053850547828e-01,2.422666996444781118e-01,7.532288711322847607e-01,-6.308673008306772134e-01,-1.861524011002791135e-01
-7.356258957061748149e-02,-8.673622798930363809e-01,4.922105452287887650e-01,-1.647945242884328934e-02,-4.924231769161372396e-01,-8.701998865108301340e-01,-9.971544379198793440e-01,7.212551736086676712e-02,-2.193026862847110778e-02
8.307714627830234400e-02,-5.857221808462075713e-02,-9.948203270113156194e-01,-2.620318316272127745e-01,-9.644279481971130830e-01,3.490060100334535509e-02,-9.614767324175566010e-01,2.577751500920021921e-01,-9.546970731443607527e-02
-6.717715526797247982e-02,7.791306894175184863e-03,-9.977106420936803222e-01,4.251865660960372773e-01,-9.044017559509528459e-01,-3.569100508942033012e-02,9.026093362144903542e-01,4.266107820598466494e-01,-5.744237816040934780e-02
-2.253562964279208769e-01,-2.393886818931263982e-01,9.444085972934397333e-01,-6.820911845269282958e-01,7.309205321114474740e-01,2.251203519386629076e-02,6.956767608961382798e-01,6.390995499289526816e-01,3.280024536945838065e-01
1.467355332536935675e-01,-1.115447634883321576e-01,-9.828664451587947326e-01,-9.819859924210087021e-01,-1.360085022513446151e-01,-1.311685861945333931e-01,-1.190470241949828228e-01,9.844081740079558829e-01,-1.294926753783438300e-01
2.759005106386619791e-02,5.740445883990983461e-02,-9.979696975297347450e-01,-4.800253723814548734e-01,8.764678639667893290e-01,3.714465376793151669e-02,8.768206378458134331e-01,4.780259527879116566e-01,5.173738985366467535e-02
2.029424218243001260e-02,-3.425722113085927917e-02,-9.992069788260249386e-01,-9.923942663431793987e-01,-1.220595881059496624e-01,-1.597113272716138219e-02,-1.214156656425502689e-01,9.919313987125306653e-01,-3.647377667282491326e-02
8.816379195793275225e-02,-1.796665240112653716e-01,9.797688941466285995e-01,7.030131127173101513e-01,7.080534176662867107e-01,6.658018533024430419e-02,-7.056909444899496231e-01,6.829204184096417940e-01,1.887325965064927946e-01
1.140948478771354989e-02,3.873617890504732486e-02,9.991843333943519756e-01,9.608260104047877670e-01,2.763027680437873390e-01,-2.168312940882174966e-02,-2.769173186828469690e-01,9.602896900494022336e-01,-3.406625600686410266e-02
-1.880554726810025612e-02,-3.526236423275568299e-01,9.355762493049915030e-01,7.898546010306599641e-01,5.684769224504343521e-01,2.301384319751470509e-01,-6.130057590452508975e-01,7.432970842892698826e-01,2.678308866886436324e-01
4.395457895042030605e-02,-1.414330800971681235e-01,-9.889715258001715581e-01,-6.935334058159501325e-01,7.082087791045024172e-01,-1.321050347891357946e-01,7.190823388226273982e-01,6.916914117245769322e-01,-6.695954704029981330e-02
-1.612677874741503814e-01,-5.814167242793441548e-02,-9.851965522932338848e-01,6.587106429157489895e-01,-7.497051127444391838e-01,-6.358091564587528555e-02,7.349101915422815434e-01,6.592130079512469321e-01,-1.592018232155557322e-01
1.820285058616000901e-02,-7.062980949032827971e-03,9.998093670948736689e-01,2.364301919849077505e-01,-9.715842925612471204e-01,-1.116811381747976305e-02,9.714779568001105092e-01,2.365884121176991817e-01,-1.601570176758653277e-02
3.411466373573920907e-02,-1.371839663125899444e-01,-9.899579532005101656e-01,1.213251327530609630e-01,9.837771659998536533e-01,-1.321465089200186682e-01,9.920264118866238823e-01,-1.155986463763419708e-01,5.020509013344993249e-02
3.400569869456571137e-02,-8.035078948586180103e-02,-9.961864098075687846e-01,-9.589923527164099237e-01,-2.832593847227815043e-01,-9.888801642069004749e-03,-2.813845764922792703e-01,9.556714244945643255e-01,-8.668822594095867973e-02
-4.870187255833738349e-02,-3.841184628537165635e-02,-9.980744750138941246e-01,9.917055356068730232e-01,-1.208592918146278311e-01,-4.373970997562434682e-02,1.189464512122852813e-01,9.919261876001739253e-01,-4.397931442153026060e-02
-9.748977094239755573e-03,-6.113694342678368393e-02,-9.980817760053761756e-01,8.550902095805950065e-01,5.169326815005179654e-01,-4.001669996512137450e-02,5.183875875491524843e-01,-8.538400769143565938e-01,4.723803689671295103e-02
4.172769665820928731e-02,-1.965805801576785833e-02,-9.989356135841033213e-01,-9.832729272173436064e-01,1.766061977745641831e-01,-4.454886652932870533e-02,1.772939647394600193e-01,9.840852664594974542e-01,-1.195986639987572930e-02
7.960061909754370787e-05,-1.174326577973035766e-02,9.999310423087024446e-01,-8.493952463617154836e-01,-5.277216489125193810e-01,-6.129985903103932036e-03,5.277572444996488921e-01,-8.493361860758542603e-01,-1.001668110002978604e-02
9.616481810238588319e-04,-4.329532754567994024e-02,-9.990618548645964214e-01,-5.881994023485470624e-01,8.079329281324283407e-01,-3.557873966532237864e-02,8.087153629736411053e-01,5.876818001708685735e-01,-2.468933855612568187e-02
8.847485071286834146e-02,-1.792351800864417366e-01,-9.798198564076543438e-01,-6.318297730613660068e-01,7.503557879745070824e-01,-1.943124528340364199e-01,7.700411279045804580e-01,6.362711227712111173e-01,-4.685850683604839140e-02
-1.479777762924521511e-01,-4.186746273290244957e-01,8.959989587909371611e-01,7.752738952467252975e-01,5.133952172181465157e-01,3.679344211765212536e-01,-6.140463867433066936e-01,7.490907203860119878e-01,2.486164265672221596e-01
1.214058952075061995e-02,-4.190582163306553337e-02,-9.990478007579750575e-01,-9.835977090474669060e-01,1.793217381017942202e-01,-1.947462453364067272e-02,1.799670882207729250e-01,9.828975614769878133e-01,-3.904139853959325002e-02
-1.644659083387982057e-01,-8.350673997501777412e-01,5.249889549969323221e-01,-9.501876794620370270e-02,5.431740139655432120e-01,8.342262428685309761e-01,9.817954974088440867e-01,-8.731797310426271663e-02,1.686806830691763293e-01
-1.096395343140778300e-01,-4.705574770650046076e-03,-9.939602759071761717e-01,2.285360480877701161e-01,-9.733174578975005709e-01,-2.060099212105662159e-02,9.673419494882958825e-01,2.294144365946156894e-01,-1.077894662857099006e-01
-2.170524504872589980e-02,-7.675373243298328624e-03,-9.997349503658212733e-01,-1.727414550788610725e-01,9.849598275015556403e-01,-3.811548942821946055e-03,-9.847280193203667986e-01,-1.726129394155662133e-01,2.270464956139275209e-02
-6.695543257649036462e-02,8.247100386833695618e-01,5.615784202970840466e-01,1.383306180261746621e-01,-5.497330203188995901e-01,8.238071658389228835e-01,-9.881202407424876100e-01,-1.328418550982161661e-01,7.727503716642908360e-02
1.860302672134386132e-02,-1.682702722922870542e-01,-9.855653417503502656e-01,3.725828687029756892e-01,9.159030682334274864e-01,-1.493438165765647307e-01,9.278124451341802637e-01,-3.644265153131328039e-01,7.973319002059844895e-02
-2.850711445344084605e-01,9.164593961560348889e-01,2.807785920456878359e-01,6.457180510881418423e-01,-3.286723350935015497e-02,7.628682346646595835e-01,-7.083661772365860143e-01,-3.987755260278116887e-01,5.824048753130998124e-01
-5.351195345862302943e-02,-4.689423392176108041e-01,-8.816062348498664436e-01,4.657260339694096335e-02,-8.830825053912543243e-01,4.669007188736550296e-01,-9.974805579307666203e-01,-1.607392798976882420e-02,6.909533550903659838e-02
-5.642639706823767559e-03,9.933401203013129122e-01,-1.150806935020471378e-01,-3.706712709105287884e-02,-1.152112059235068653e-01,-9.926491858249151257e-01,9.992968471412058129e-01,1.335451019115081132e-03,-3.747035980906543440e-02
-2.668599815759178928e-01,7.762053731473276263e-01,-5.712188450414756868e-01,1.928705906407880699e-02,-5.882932986190718694e-01,-8.084175926787787736e-01,9.635422977669220179e-01,2.267514354907362584e-01,-1.420212199529729824e-01
-8.761797849057793852e-02,2.844632425301853451e-01,9.546746846410236742e-01,-3.937017713109832728e-01,-8.902247763084603083e-01,2.291260851870565163e-01,9.150530067224622588e-01,-3.557815499653752545e-01,1.899933777593736661e-01
8.308467060850800723e-02,-1.985888422786519780e-01,9.765548674971111787e-01,9.897576988693721489e-01,-9.771100156169704176e-02,-1.040781326822092928e-01,1.160889100589770906e-01,9.751999958450752182e-01,1.884365491752706123e-01
4.923200391838942341e-02,7.969104173477056796e-02,-9.956031074968614281e-01,-7.790883168030263151e-02,9.940810833369112531e-01,7.571666723993587811e-02,-9.957441557631108164e-01,-7.383859166411552155e-02,-5.514923974698161813e-02
1.320301114600625457e-02,-7.080281062232867129e-01,-7.060608198268368829e-01,8.659034426636549875e-02,7.042793073285912309e-01,-7.046224304892598767e-01,9.961565101812619449e-01,-5.183491165832238012e-02,7.060700501269816243e-02
-1.715248563052387473e-02,3.029262855911926677e-02,-9.993938907616326528e-01,-5.245824841205187772e-01,-8.511939096454975706e-01,-1.679718834680948847e-02,8.511868241406468361e-01,-5.239764162988556073e-01,-3.049107364406675874e-02
1.569517079018513672e-01,4.259174568722705334e-02,-9.866874401683678464e-01,3.315807293631208713e-02,9.982791288434442745e-01,4.836654954329940026e-02,-9.870494939899631115e-01,4.030786666258454054e-02,-1.552693540247688797e-01
7.269912953466933780e-02,1.769114229967070073e-01,-9.815381729602682404e-01,9.972115779322087148e-01,3.732704486954236366e-03,7.453278309017957737e-02,1.684949265871416024e-02,-9.842196987108585704e-01,-1.761467549137667732e-01
7.050083946234468775e-03,7.976984204037580461e-01,6.030153616631178659e-01,9.943932471142461482e-01,-6.921991866726190379e-02,7.994168470381061986e-02,-1.055100299020748505e-01,-5.990708079559936561e-01,7.937139287205532412e-01
6.517034669137912462e-02,-1.264508811358427964e-01,-9.898297836355978152e-01,-9.967416393924344309e-01,-5.549452328765779041e-02,-5.853599052171094830e-02,-4.752820439915327044e-02,9.904193720566275561e-01,-1.296554558880870789e-01
-3.382353660375311821e-01,-4.949080208025412042e-01,8.004141978418229941e-01,9.328545327775691343e-01,-6.424331768859922742e-02,3.544787959930816856e-01,-1.240131357469862611e-01,8.665672778715298730e-01,4.834065525874946534e-01
1.811736827495618318e-01,-3.732161348953694918e-02,-9.827426895406032870e-01,-9.782542570075365429e-01,-1.094330591849098783e-01,-1.761902784039593439e-01,-1.009688334368278595e-01,9.932932611892472119e-01,-5.633641762161026995e-02
-8.311592160713658639e-02,3.615164004756288851e-01,9.286536683621838817e-01,5.979778857340392051e-01,-7.273717241182038329e-01,3.366791100237138123e-01,7.971914398364076115e-01,5.832977517018698155e-01,-1.557226416135401303e-01
-9.117830125724044055e-02,3.360309547867248448e-01,9.374271784010563824e-01,-3.434428775189348748e-01,-8.942046014266791243e-01,2.871325837811997683e-01,9.347371327070289615e-01,-2.957724263897428263e-01,1.969394945818800646e-01
-3.706871216660143631e-01,8.823953687607956065e-01,-2.897748626442002706e-01,-5.545698766851423628e-02,-3.324750769309322007e-01,-9.414801356048383418e-01,9.271006311882759032e-01,3.329245205887821357e-01,-1.721792183773356855e-01
1.558766955645822516e-02,-3.326674399137397597e-01,-9.429153721193845872e-01,-6.914099521358230138e-01,6.776418968093379513e-01,-2.505069615323719523e-01,7.222944708672062175e-01,6.558458920431544659e-01,-2.194467207428300592e-01
1.567365677617267861e-01,-3.748513376050593982e-01,-9.137396363417599199e-01,-9.157304078159388405e-01,2.914053721400152730e-01,-2.766238046322009314e-01,3.699614419470338977e-01,8.800962355240687929e-01,-2.975888903988762602e-01
-3.829226097692564612e-02,3.552262008191327536e-01,9.339957435667896046e-01,-8.111913741026223479e-02,-9.327014368429118463e-01,3.514081889441143525e-01,9.959685679252583412e-01,-6.230871498251772805e-02,6.453088982911538152e-02
-5.324711657215521615e-02,-5.964171297206700695e-01,-8.009065812892968150e-01,-1.448859031836533529e-01,7.981716166972971926e-01,-5.847479331793142832e-01,9.880145847280841220e-01,8.490393203250611032e-02,-1.289127716326479711e-01
-1.551885672445931785e-01,-3.008511648881286860e-01,9.409596618251107047e-01,8.395184069744946465e-01,4.618826169449185004e-01,2.861350948680020934e-01,-5.206969876498011018e-01,8.343578517336370792e-01,1.808911891244376624e-01
-9.393407494727580576e-02,9.491314731697562124e-01,-3.005425697008792807e-01,-5.817764727908590616e-02,-3.065945314590558524e-01,-9.500606057702174478e-01,9.938771306961790009e-01,7.175820453446567215e-02,-8.401790976404900635e-02
2.959676096059135619e-01,-9.340356987912390441e-01,1.999512126687986724e-01,-2.494226530399035191e-01,1.264958355531093370e-01,9.600974657493148712e-01,9.220583030452561557e-01,3.340301138689182325e-01,1.955309919527344620e-01
3.795995108852686512e-02,-1.572268751902888839e-01,-9.868326868478031200e-01,-8.613368850266155397e-01,4.955166011910830948e-01,-1.120806336379484708e-01,5.066140667273300036e-01,8.542499679027997228e-01,-1.166155209741048387e-01
7.197082273393475005e-02,-1.136976842315327446e-01,-9.909051605857077671e-01,-7.561918338465388745e-01,-6.540405258106608555e-01,2.012215249726063970e-02,-6.503799743986659054e-01,7.478661826808998825e-01,-1.330490950870758804e-01
-1.633377692195866482e-01,8.621089244198517632e-01,-4.796759068183591435e-01,-3.328150177548457045e-02,-4.907438054346471290e-01,-8.706680533171580194e-01,9.860086788593382945e-01,1.262486430151525119e-01,-1.088492781367666751e-01
1.622573367055911431e-01,-9.567892529421925252e-01,-2.413024702308903535e-01,9.476438805447993941e-02,2.585222983464510182e-01,-9.613458961343357423e-01,-9.821874909821793898e-01,-1.331185438321424996e-01,-1.326166876608727285e-01
7.523164867440898518e-02,2.502398861300406813e-02,9.968520447045420285e-01,1.385526819784504149e-01,-9.902503432926302862e-01,1.440180285263224953e-02,9.874934700312243407e-01,1.370330529570292777e-01,-7.796530666243414731e-02
7.348915877016548581e-01,6.627802660493204989e-01,-1.437242960008248416e-01,2.523642361928491590e-02,1.850528209216315001e-01,9.824044871598737183e-01,-6.777148937777957016e-01,7.255878805524101915e-01,-1.192675578152452009e-01
1.932730782636939704e-01,9.752089878094607478e-01,1.077633857770015358e-01,6.556998815533932046e-02,-1.224270701362439040e-01,9.903091381741179200e-01,-9.789515278458809089e-01,1.843340516386005601e-01,8.760629848768360095e-02
-4.663581820392219690e-01,-4.104473592088130340e-01,7.836089658519634904e-01,7.540845440444593484e-01,2.786444128619136595e-01,5.947384228499950076e-01,-4.624570752819463504e-01,8.682685393928256667e-01,1.795639079055612042e-01
4.900188162126163927e-01,8.716653265787066562e-01,9.006564163013028312e-03,4.292613902476742904e-01,-2.502820003132321114e-01,8.678096445429960282e-01,-7.586937581133905706e-01,4.213768844628806853e-01,4.968151594306843832e-01
1.472543615653192084e-01,-9.732600065574930071e-01,-1.762983625440096291e-01,-1.964702996023707723e-02,1.753281078699875650e-01,-9.843139990899608671e-01,-9.889035075343456382e-01,-1.484082687266413125e-01,-6.696160080914507345e-03
-5.448833487596967950e-01,6.688278299174424957e-01,5.057385393386023553e-01,4.137027478828084540e-03,-6.009865554953262023e-01,7.992484251579748955e-01,8.385016525016860678e-01,4.375894126253373484e-01,3.247006078068752077e-01
-9.489578570462096074e-01,2.302198380658074806e-01,2.155871325270113936e-01,3.779167345382480891e-02,-5.956094383752785770e-01,8.023846872515979500e-01,3.131306036908962920e-01,7.695766518542765944e-01,5.565078633343254477e-01
2.215671088808559841e-01,-9.652367268511812259e-01,-1.386581313872255194e-01,-2.405708038549475292e-01,8.369155162500074852e-02,-9.670167591718276112e-01,9.450046055944717471e-01,2.476162056978870318e-01,-2.136644801576024766e-01
2.280922304254794086e-02,7.679145844210018002e-01,-6.401460226992867764e-01,9.869425696054291430e-01,8.482818976085498841e-02,1.369253173176138150e-01,1.594493764328606955e-01,-6.349105206683983704e-01,-7.559527280853975961e-01
1.667102018989154444e-01,-9.638582346442788884e-01,-2.078100384756170205e-01,-8.140263684287845150e-03,2.094068260560253136e-01,-9.777947214565497758e-01,-9.859723346473637795e-01,-1.646999839391484477e-01,-2.706419406653482948e-02
-2.009908456069048333e-01,-1.192455495134936011e-01,-9.723081707480640823e-01,8.643353210912427809e-01,4.455227045827150345e-01,-2.333108921919442302e-01,-4.610066514664617476e-01,8.872936484741269503e-01,-1.352215519629213283e-02
-9.210779009108803483e-02,-3.745512045597869655e-01,9.226199380933346461e-01,9.839900426873771089e-01,1.077378891123815935e-01,1.419723323105664958e-01,-1.525770326642569563e-01,9.209255900518894533e-01,3.586311568881731526e-01
-8.621786544535221808e-02,-1.846481809292996601e-01,-9.790155917847007672e-01,1.563931946978301679e-01,9.679832875444830398e-01,-1.963403261858881477e-01,9.839246151663518791e-01,-1.700394198827879233e-01,-5.457973392818381286e-02
3.164328378356485311e-02,-3.485398071638846906e-02,-9.988913367426981438e-01,8.190041364694525816e-01,5.737570224430462718e-01,5.924832758478955526e-03,-5.729144151069328617e-01,8.182836178401174942e-01,-4.670111066312720993e-02
6.205378327106740241e-03,-1.425187547395855292e-01,-9.897726495651892886e-01,-9.868167603690957135e-01,1.592019375512331580e-01,-2.911055709834843921e-02,1.617225238934282272e-01,9.769048815659644447e-01,-1.396519875910415542e-01
-4.358442081207061780e-02,3.744877600806988949e-01,-9.262069508550544450e-01,-9.249481006327826549e-01,3.352630687134813270e-01,1.790801102652859189e-01,3.775862939756738368e-01,8.644984628711379626e-01,3.317694957273134015e-01
-2.460465112019978584e-03,-1.827574029605176231e-01,-9.831549612215562117e-01,-3.271757888758193844e-01,9.291951428634387389e-01,-1.719080848956173746e-01,9.449602897926017153e-01,3.212415261794783761e-01,-6.208004971777726644e-02
-5.058361978169485101e-02,-3.649258096385644690e-01,-9.296614711116186758e-01,-3.571787839636748063e-01,8.758974407968651565e-01,-3.243870982202168851e-01,9.326653278084328091e-01,3.156466801110700549e-01,-1.746498200366901066e-01
-4.282988671108323847e-02,-3.400796572376665328e-01,-9.394207936475681420e-01,-9.983079157025419592e-01,-2.244835696044473333e-02,5.364118488086102449e-02,-3.933072907997024747e-02,9.401286603454273028e-01,-3.385427532043042698e-01
-2.066273878497176027e-03,-5.474062637437332457e-01,-8.368644531382519736e-01,-4.588327484127647238e-01,7.440931740059384403e-01,-4.855902154921954428e-01,8.885202527214827173e-01,3.829774547044439981e-01,-2.527054207805163877e-01
-8.579086976280592136e-02,-2.466856487319369906e-01,9.652906906082977523e-01,-1.241979737898123853e-01,9.639533637208945738e-01,2.353057072781668535e-01,-9.885417492305756948e-01,-9.970006660417282673e-02,-1.133362552199295298e-01
-1.060654154331574645e-01,7.114050730941539058e-01,6.947322862980334079e-01,8.612238000540466398e-01,-2.835116127478203296e-01,4.217993974125586742e-01,-4.970349020636872228e-01,-6.430583079418470405e-01,5.826082034416524280e-01
7.507040216957282242e-02,1.094650778263450974e-01,-9.911517701414708226e-01,-9.931535094463288527e-01,9.742003967499732187e-02,-6.446272212808476509e-02,8.950162787647704399e-02,9.892051013850435837e-01,1.160289877628278843e-01
5.601742937197715794e-02,-1.783192345924839994e-01,-9.823768615866855791e-01,-8.659695485275230586e-01,4.810510317462142749e-01,-1.366991070890397619e-01,4.969494829754764198e-01,8.583659798886796866e-01,-1.274717848786665053e-01
-1.929909913573506913e-02,-1.100596339789928907e-01,-9.937376020564780976e-01,-2.278301715484160606e-01,9.682576595696162913e-01,-1.028130226040869233e-01,9.735096084296077645e-01,2.244192096349581222e-01,-4.376140585095867480e-02
-1.876480212875534237e-01,-6.117182638241420722e-01,7.684978762565601862e-01,9.815565468654394721e-01,-1.458863001953691341e-01,1.235472894113856107e-01,3.653717849615654295e-02,7.775075260853006043e-01,6.278113422583698755e-01
-4.428835657029303249e-03,8.766399860699606444e-03,-9.999517666608752631e-01,-3.038182440451521749e-01,-9.527042472124490624e-01,-7.006563257509608629e-03,9.527197174405720448e-01,-3.037725589595664522e-01,-6.882762752933174744e-03
2.340478242732569603e-01,4.556265033889244503e-02,-9.711568672707053818e-01,5.034443243231244425e-02,9.969931376344779439e-01,5.890773831023436019e-02,-9.709207249183752220e-01,6.267956926985519817e-02,-2.310502489072937538e-01
-4.099501030867596513e-02,-3.934833248569863384e-01,-9.184172701932834526e-01,-8.964015411336171413e-01,4.205034933185992641e-01,-1.401466701713984520e-01,4.413430481870848632e-01,8.175253422165860151e-01,-3.699576038556123825e-01
-7.458167170737532714e-02,8.869759602909479401e-01,4.557534641791383123e-01,9.936784891183203516e-01,2.764616359126267214e-02,1.088060196046947842e-01,-8.390848889632873675e-02,-4.609873485299089690e-01,8.834308292031116672e-01
-3.064500852097925068e-02,-3.613122644072690459e-01,-9.319411628647166213e-01,-8.704638988090481755e-01,4.679192022914269722e-01,-1.527881572541081590e-01,4.912774005822986845e-01,8.065389437069027112e-01,-3.288486703048285609e-01
1.324265233463492730e-01,-5.991308291342126863e-02,9.893804315884805467e-01,4.323019089928398229e-01,9.017230428667958320e-01,-3.257828140501934679e-03,-8.919519467973290316e-01,4.281424721501667641e-01,1.453125877052590942e-01
-1.068080856153914987e-01,-8.745292448433068799e-02,-9.904261804124088187e-01,4.362683371035235846e-01,-8.992347807469396326e-01,3.235347177551912978e-02,8.934550749131717762e-01,4.286359703689617273e-01,-1.341984873899759456e-01
5.208112258953782187e-02,-9.553197783639481022e-01,-2.909496137417439399e-01,8.007378107342674745e-02,2.944017721858949721e-01,-9.523212620320988808e-01,-9.954274188781511157e-01,-2.630052471836238220e-02,-9.182884157562011540e-02
-8.821572271351648675e-01,-2.691846563861404751e-01,-3.864430713306585274e-01,1.569607086621083994e-03,-8.222278854851164942e-01,5.691562532945307895e-01,-4.709523998736930284e-01,5.014787384296063300e-01,7.257567856770335002e-01
4.367102830147714249e-02,-1.633953491844869765e-01,-9.855936288105614507e-01,-5.977616310856579546e-02,9.843399714148203250e-01,-1.658361570921398076e-01,9.972560612055010321e-01,6.615724102432224418e-02,3.321999170589904488e-02
1.257269647391497970e-02,6.677355272118425111e-02,9.976889394798190702e-01,-3.848044957120949072e-01,9.212482401352249939e-01,-5.680827516754084067e-02,-9.229124700550617177e-01,-3.832009560331783860e-01,3.727733778212839050e-02
3.257042761861525526e-02,9.761614355688756905e-01,2.145880214570520805e-01,9.892523243668481792e-01,-6.210656455226154504e-02,1.323730084809735530e-01,-1.425447507961224713e-01,-2.079702535162835375e-01,9.676928064591798773e-01
5.328391783432408213e-02,6.046785103169712711e-02,-9.967469403473649958e-01,-9.200986228861849359e-01,3.908574515940961280e-01,-2.547502102677406607e-02,3.880455492119074812e-01,9.184628961068473929e-01,7.646280279882455844e-02
-9.314403253908579150e-02,-2.212061336950177370e-01,9.707687858692509719e-01,9.787468658965159385e-01,-1.992528648535808744e-01,4.850637427584011258e-02,1.826985541817584269e-01,9.546549859835973262e-01,2.350640253985120665e-01
2.086912521333057768e-01,-6.781204735719936760e-02,-9.756277402351051231e-01,-9.687543289023613502e-01,1.223799359708392931e-01,-2.157271459615335285e-01,1.340261598195238713e-01,9.901639649598436010e-01,-4.015359235527067583e-02
1.439159431505914188e-01,9.894967630551558813e-01,-1.357782053365987583e-02,1.292151012188011150e-01,-5.186783290391299046e-03,9.916030228353045484e-01,-9.811175561185778715e-01,1.444619437169078480e-01,1.286043852030023249e-01
-8.099668219294584026e-02,9.297837175043566216e-01,3.590846364542949476e-01,8.260943159434008809e-01,-1.389534920642113702e-01,5.461319512802429443e-01,-5.576806600911847767e-01,-3.408726532107554941e-01,7.568342722507491738e-01
2.094014374193040734e-02,-7.432077857558563871e-02,-9.970145095493777587e-01,-8.688160449823997267e-01,4.920787610041971183e-01,-5.492879891017856536e-02,4.946920156634913024e-01,8.673724199215082642e-01,-5.426688491427445610e-02
-1.410741979329158402e-01,9.090132815560612034e-01,3.921644102060577453e-01,9.040294314363260808e-01,-4.317444959997542020e-02,4.252843213647219400e-01,-4.035205791214341864e-01,-4.145248133181173578e-01,8.156839592446838427e-01
-7.571796339778830501e-03,9.249737743076837937e-01,-3.799555036358687743e-01,-3.581099112296593640e-02,-3.799734884738260599e-01,-9.243039115852654808e-01,9.993298958877292471e-01,-6.607942193241543756e-03,-3.600130948994777896e-02
6.668797848458297706e-01,-7.251380512823415447e-01,1.715988320077627138e-01,-7.249790356986924866e-01,-6.846139698568370902e-01,-7.555865320567567434e-02,-1.722694121467125694e-01,7.401701736296867340e-02,9.822651020876779215e-01
-3.523787989516344865e-01,6.251574769822887401e-01,6.964246628477077650e-01,-1.088071054481020428e-01,-7.664777231654790191e-01,6.329872934704681153e-01,9.295107292836426449e-01,1.472753504976399841e-01,3.381120750319163148e-01
2.885154789237024398e-01,-2.553186781634351199e-01,-9.228061502841768959e-01,-9.566566867551181685e-01,-3.702530707803844412e-02,-2.888548256867049524e-01,3.958285118768489069e-02,9.661477626205285940e-01,-2.549346949224453041e-01
-1.562400710095744327e-01,-3.516806962046200025e-01,9.229895601402848815e-01,8.639807761862876578e-01,4.042028140475344422e-01,3.002620580369664838e-01,-4.786713471594714608e-01,8.443582018510201737e-01,2.406926845075450239e-01
-3.716692138945111301e-01,8.915338498016315283e-01,2.589003478192273278e-01,-5.630011870903618432e-01,-4.381972274430556702e-01,7.007230930946001246e-01,7.381677714299639259e-01,1.146759980078690955e-01,6.647990348240734315e-01
-1.087677545521216899e-01,5.247977463392854425e-01,-8.442493121151464219e-01,-3.237698235503747024e-02,8.469671489570369527e-01,5.306584396776977686e-01,9.935397861098825834e-01,8.505277199948030331e-02,-7.513134759827930220e-02
1.342249826590398709e-01,8.667546437372432300e-02,-9.871529860694238101e-01,-2.492045228118165978e-01,9.671054755345185328e-01,5.103043210955017506e-02,-9.591041444182770714e-01,-2.391534299707031297e-01,-1.514096334218298090e-01
9.824765916016753309e-01,1.786288461921545778e-01,-5.321167412151545095e-02,5.289313730082564197e-02,6.548636686651813574e-03,9.985787056532009487e-01,-1.787234259441968232e-01,9.838947355614857671e-01,3.014357835990483063e-03
-2.267613015545291988e-01,5.407961189006785796e-01,8.100116480022108156e-01,9.736827449080622809e-01,1.063816825168929642e-01,2.015560713379189461e-01,2.283033914765842873e-02,8.343994819071006708e-01,-5.506870982759322075e-01
-2.826925342813626507e-01,9.278012121087437780e-01,-2.434539830668751292e-01,-6.621513105741774763e-02,-2.720766647015524509e-01,-9.599947108937257889e-01,9.569224041063254527e-01,2.552630003240279333e-01,-1.383485207183139942e-01
-1.489990802577122186e-01,-5.910685749052522198e-01,-7.927403192987160230e-01,-2.932486225328470031e-01,7.920373302142943439e-01,-5.354270379142250791e-01,9.443540223162835145e-01,1.526918704662668380e-01,-2.913428791451219690e-01
2.965012621593112185e-01,-9.442250161206025005e-01,-1.432693982327808702e-01,1.986156270353253706e-02,1.560792491793521197e-01,-9.875448274901668100e-01,-9.548259107632705023e-01,-2.899627336532361044e-01,-6.503147874247883209e-02
9.889588711943876342e-01,1.481407940168337767e-01,3.828346116117205961e-03,3.974373153456713798e-02,-2.900318426016610385e-01,9.561913856968140557e-01,-1.427612933873570189e-01,9.454818006842583555e-01,2.927172316164899368e-01
9.397501074890415307e-01,3.404840756582737660e-01,-3.066479573494623398e-02,8.304241844139927109e-02,-1.403437101700027723e-01,9.866142101931849595e-01,-3.316228161838969402e-01,9.297172888781026767e-01,1.601626378011168639e-01
-6.791213244124330028e-01,-4.688741025161089482e-01,-5.647577380771476863e-01,-4.693696289248336373e-01,8.689338839769354950e-01,-1.569906262160955523e-01,5.643459738239183787e-01,1.584644479574874032e-01,-8.101867936237062695e-01
3.875525830598424565e-02,-9.382287346538781270e-01,-3.438384379667568380e-01,-3.278541763371263240e-01,3.131095556092935994e-01,-8.913327354273795633e-01,9.439330850287751540e-01,1.472726982707027732e-01,-2.954675673100613520e-01
-3.846348877883171702e-01,-3.978156530994382822e-01,8.329458021054766403e-01,8.911659558015679883e-01,-3.952224341367838178e-01,2.227610082022285776e-01,2.405810514490833718e-01,8.279745972577076119e-01,5.065361033328135143e-01
-1.609566917662156038e-01,-8.121203370245708708e-01,5.608506945406885880e-01,-9.909551641282060563e-02,5.786862719185534853e-01,8.095074288231591808e-01,9.819740434464406809e-01,-7.471784849755283564e-02,1.736209120853391408e-01
6.732933612339679630e-02,8.729300687423721117e-01,-4.831768367612632731e-01,9.973759844230711824e-01,-7.180071617625696789e-02,9.262982925947996563e-03,-2.660650659693002823e-02,-4.825326437061166485e-01,-8.754737811977540973e-01
8.411217642342041015e-03,-5.760362681542763839e-03,9.999480334695149963e-01,9.718575208218926953e-01,2.354707365884710635e-01,-6.818462613185816319e-03,-2.354192231736773055e-01,9.718643683314354131e-01,7.578847408567379249e-03
5.425882881610306387e-03,1.098479345085589531e-01,-9.939335949041860907e-01,7.402592979923111605e-01,-6.686820400153777877e-01,-6.986058328416103191e-02,-6.722995846576776957e-01,-7.353895298718060580e-01,-8.494414531937091728e-02
3.571136903020694173e-03,-3.197717567355524149e-01,-9.474878735770070337e-01,-9.844104288061830133e-01,1.654940628719789864e-01,-5.956360307899819656e-02,1.758503757142610702e-01,9.329296536976322551e-01,-3.141956502129986673e-01
