-7.942320963418769697e-02,-7.750695527888455949e-01,-6.268645325037168758e-01,1.630472361570687867e-01,-6.304828380067678539e-01,7.588853600910168140e-01,9.834162661624754609e-01,4.193541842679906345e-02,-1.764479190254857610e-01
-4.008322116106634997e-02,2.525395189459938017e-01,9.667559809754883160e-01,-4.616561035338200836e-01,-8.627529379535011644e-01,2.062304781611415394e-01,8.861529086175385928e-01,-4.380424173788743936e-01,1.511683271242628412e-01
6.870524672652136844e-02,-9.965535080904420751e-01,-4.648327209740686639e-02,5.890868672515749138e-02,5.056458910257866785e-02,-9.969819401359306665e-01,-9.958962574990252170e-01,-6.575962166497859029e-02,-6.217971098287432968e-02
8.016679219975319723e-03,9.776066724879542424e-02,-9.951776649389565410e-01,8.029645934417053987e-02,-9.920588659840104961e-01,-9.680746375826974892e-02,-9.967387879836290265e-01,-7.913316852994811690e-02,-1.580285313912812087e-02
-2.348985808631188221e-01,2.872699467294995701e-01,-9.286003631350373544e-01,1.294277987507236327e-01,9.560675621736899332e-01,2.630271116630370498e-01,9.633644697719733196e-01,-5.840200566151809020e-02,-2.617596304162978504e-01
8.504813823381858484e-02,9.676799934459185959e-01,-2.374073386975811828e-01,6.794692387763363048e-04,2.382142477634826006e-01,9.712123920564603718e-01,-9.963766117811651002e-01,8.276111675772036824e-02,-1.960216948452783367e-02
1.411692114576880985e-01,-9.633988378533920871e-01,2.278901774082159326e-01,-1.225207422367798060e-01,2.114238446316962228e-01,9.696848073693334902e-01,9.823746339651504567e-01,1.648109133033549278e-01,8.818980325383934948e-02
-3.915218588232683566e-02,-8.852922096929320972e-01,4.633840845320871260e-01,-2.772345114518411369e-01,-4.359096267757969767e-01,-8.562265021267706500e-01,-9.600042354076855355e-01,1.619891994584542749e-01,2.283667385109196535e-01
-1.316517982539074788e-02,3.846423489279425789e-01,-9.229717988386003658e-01,2.919593758608999834e-01,8.843066678343060039e-01,3.643644330484232530e-01,9.563401073295415555e-01,-2.646733470430704394e-01,-1.239419964255029927e-01
3.918385454181937400e-01,9.116150129847622186e-01,-1.241797987812281318e-01,-1.913027375639439476e-01,2.127525041071541001e-01,9.581960314031132686e-01,-8.999254507597252983e-01,3.517022037134928114e-01,-2.577590793318010332e-01
1.778413142932959989e-01,-2.835001860182056466e-01,-9.423375782903258280e-01,-6.590825738114116650e-01,6.767800742038055928e-01,-3.279922134118682941e-01,7.307411496751488045e-01,6.794088428099342991e-01,-6.649057439297380301e-02
-2.836443718221925980e-01,5.723823856670630095e-01,7.693661513945589947e-01,-1.453369268478436616e-01,-8.187095536518343986e-01,5.555104359538520775e-01,9.478518069972849958e-01,4.575009658236454252e-02,3.154106539650904373e-01
-2.103962933155960058e-01,5.559262610322519560e-01,8.041637843460488488e-01,-8.767940429444326389e-02,-8.299916072146238388e-01,5.508414055023979072e-01,9.736763948158695392e-01,4.538638835583112818e-02,2.233704410399557361e-01
1.167453677636169362e-01,9.906165791643438689e-01,7.105851244200861450e-02,1.122566639551787065e-01,-8.425112063768408488e-02,9.901011009331057711e-01,-9.867973249372903322e-01,1.076129255992402944e-01,1.210392404990241755e-01
-1.155371869957798163e-02,2.305197552673464712e-01,-9.729990513950634856e-01,6.182617129953157376e-01,7.664166316675110613e-01,1.742354755712064440e-01,7.858873747734524962e-01,-5.995549925860924612e-01,-1.513765009398151118e-01
-9.807630400561598294e-02,5.349669156380328916e-01,8.391611512488693636e-01,-9.437176644065167763e-03,-8.436884723730986302e-01,5.367501292796638124e-01,9.951341509010666053e-01,4.472315683711331619e-02,8.779442438410460514e-02
1.509159662201125518e-01,2.576424626260505057e-01,-9.543818588970737204e-01,-1.425594486909802228e-01,-9.496753922060416908e-01,-2.789147773554220278e-01,-9.782132562630572181e-01,1.781488447627008476e-01,-1.065918119788828444e-01
1.251965437006158921e-01,1.189622213930596334e-01,-9.849740175896256611e-01,1.634533945782905631e-02,9.924032316036281998e-01,1.219370976392514794e-01,-9.919973061069410347e-01,3.136583784796260349e-02,-1.223009766627692341e-01
-1.824703324491497025e-01,3.348355071254532356e-01,9.244402419539821114e-01,-5.450214190726929697e-01,-8.169944474677609536e-01,1.883393892918745482e-01,8.183252596173997695e-01,-4.694733815403046573e-01,3.315697716879909551e-01
1.251362014186268301e-01,9.601290508647086774e-01,-2.499862731834481544e-01,1.900708507838675494e-03,2.517343808144792416e-01,9.677944972064680407e-01,-9.921377517268887836e-01,1.215812781705496864e-01,-2.967615872599177126e-02
4.569158403992835127e-01,-8.883432815566966179e-01,-4.554260538546087145e-02,-1.341131240117982570e-01,-1.818535270085389760e-02,-9.907991536708848912e-01,-8.793415631937413490e-01,-4.588196890503122849e-01,1.274476683967289414e-01
-1.322174001951822997e-01,4.937173310622711142e-01,8.595125107259203867e-01,1.120295141901095776e-01,-8.541259504813033532e-01,5.078565237000872701e-01,9.848695076181183117e-01,1.634382382527346522e-01,5.761939986573350048e-02
1.241742130074235950e-01,2.627847645402657875e-02,9.919123986014298788e-01,2.605182957294952528e-01,-9.654432711114007137e-01,-7.036181913328823888e-03,9.574502506209846553e-01,2.592850399482651835e-01,-1.267291822937411938e-01
1.415611650700623891e-01,-9.796801505305799962e-01,-1.420818046070184693e-01,1.293635467495485858e-01,1.606040155957645377e-01,-9.785046872380798177e-01,-9.814405276512602194e-01,-1.201380573793987133e-01,-1.494701905154341426e-01
-6.089385873000501860e-03,-2.045495916867118569e-01,-9.788372612035614040e-01,2.544449968198071454e-01,9.463204247772111222e-01,-1.993373954952936122e-01,9.670680756663710964e-01,-2.502740861341387624e-01,4.628410998024804629e-02
-6.045087199287102649e-03,-2.495245209558997479e-01,-9.683496116395574616e-01,-7.011008176108241008e-02,9.660900763262009194e-01,-2.485046093324822791e-01,9.975209438183277877e-01,6.638883841252218865e-02,-2.333428331937087777e-02
1.811732051209598571e-01,-2.143656944044575879e-02,-9.832175462413308420e-01,1.501874360551135323e-01,9.886386014541558298e-01,6.119621390432298906e-03,-9.719156361523307863e-01,1.487756337758164571e-01,-1.823343275338305813e-01
6.042564842847245737e-02,-9.747147748513247389e-01,2.151275172973693972e-01,-4.827034942374572313e-02,2.124157516753014119e-01,9.759864352575431390e-01,9.970048717927652016e-01,6.935889363843719679e-02,3.421446323915961624e-02
6.032916365988589408e-02,9.946912298190038193e-01,-8.336515658988995214e-02,-1.446896839535688310e-02,8.437994403037346602e-02,9.963285974009805646e-01,-9.980736650997624748e-01,5.890146319565483374e-02,-1.948272742041065250e-02
-9.163594376170301758e-02,-1.308494035591208915e-01,-9.871581876270512090e-01,9.685605688210393582e-01,-2.419613247482097773e-01,-5.783720127354106955e-02,2.312861395241110618e-01,9.614224622476392756e-01,-1.489079270882499584e-01
4.940466033161961673e-02,1.738579230075343873e-01,-9.835306818523881223e-01,-1.860756429442440851e-01,-9.658906027139660955e-01,-1.800866421801948503e-01,-9.812925326529307046e-01,1.919082233682481986e-01,-1.536877234000879125e-02
-2.381268167214855014e-01,4.429649791890705735e-01,8.643365353669359985e-01,-1.567631620832951878e-01,-8.957972704939178854e-01,4.158997008766572856e-01,9.584993115134402553e-01,-3.645925654306438751e-02,2.827539432803521380e-01
2.649999740835746742e-01,1.271917273772685542e-01,-9.558228278412750356e-01,-1.422233751912050856e-02,-9.906385981478356140e-01,-1.357677906396931033e-01,-9.641435260640383031e-01,4.957249586694147114e-02,-2.607102391589652957e-01
5.298361617918457417e-02,9.701714303837098707e-02,9.938714254737627263e-01,-2.208005293665543378e-01,9.717732923618193075e-01,-8.308907559793514419e-02,-9.738787720491840494e-01,-2.150449771767346530e-01,7.290949967618397254e-02
8.819600572069959121e-02,-5.015577458109176517e-02,-9.948396166473695290e-01,-4.863114559635281497e-01,-8.737850337273671553e-01,9.394853362492878480e-04,-8.693230886002900615e-01,4.837190435678903611e-01,-1.014556775947897810e-01
-2.095372163239084540e-01,-3.599430595018275891e-01,9.091397851220079929e-01,3.112556245352252615e-01,-9.059689181095246235e-01,-2.869499183039517787e-01,9.269380190554354915e-01,2.228481845021879904e-01,3.018685069590142933e-01
2.239096943404582374e-01,-1.305525228012463235e-01,-9.658263237096993414e-01,-4.935285873844650895e-01,-8.697238837802719891e-01,3.146333811659737974e-03,-8.404129831307087795e-01,4.759584065571171863e-01,-2.591710111354141310e-01
3.345786662205611078e-02,-3.095630546998469068e-01,-9.502901064022502009e-01,1.538845651568818973e-01,9.410798879007091777e-01,-3.011447910810782780e-01,9.875222082401885482e-01,-1.361593175426797919e-01,7.912350143120350232e-02
-1.654275431847345712e-01,7.206102134807517157e-01,-6.733161576726698350e-01,-9.240147391311774594e-02,-6.910445733292958082e-01,-7.168816954636345606e-01,9.818837485031239876e-01,5.637657225618431661e-02,-1.809032518394766420e-01
8.472624663702646441e-02,-3.481305272926726313e-01,-9.336094467697546584e-01,-7.387885031617009712e-01,6.067667800937606160e-01,-2.933012481574933106e-01,6.685903160582682414e-01,7.145902396069901963e-01,-2.057857593020688269e-01
-2.302941580393503759e-02,1.526526040007717133e-01,-9.880115528168246231e-01,5.299300981300110180e-01,8.398740258450505536e-01,1.174125709059490458e-01,8.477285751369045830e-01,-5.208731162218018795e-01,-1.002370175820411491e-01
1.716518620400371842e-01,-5.910718225971758194e-02,9.833829260585646992e-01,9.629926562194009998e-01,2.206175783460824491e-01,-1.548322582416634119e-01,-2.077998612263515510e-01,9.735677814769893024e-01,9.478920056779845116e-02
8.826937135252448108e-02,-1.128659630984324147e-01,-9.896816621797603908e-01,-9.945176175323010570e-01,-6.590749875517204481e-02,-8.118441984588586902e-02,-5.606448518363577049e-02,9.914219464898385015e-01,-1.180648022036780570e-01
2.766179190016618619e-02,-2.245214566352757013e-01,-9.740764553048418817e-01,-5.549497184852818510e-01,8.070413269351657259e-01,-2.017798467930670692e-01,8.314238601471444223e-01,5.461450467862002389e-01,-1.022739099131371177e-01
2.329123598385533234e-01,-2.886273010212620296e-02,-9.720693264605607675e-01,-9.719405444721609388e-01,-4.073977547796776150e-02,-2.316718556604664414e-01,-3.291520386683578769e-02,9.987528290348200999e-01,-3.754165485627990184e-02
-2.533563795238072056e-02,-2.168729587005667481e-01,-9.758710085016401026e-01,-1.962939523129153541e-01,9.582597218510560122e-01,-2.078629109853688539e-01,9.802177256788008330e-01,1.862912377499242600e-01,-6.684897159029723479e-02
-7.148308394510050068e-02,3.210674695769769049e-01,9.443547260903261131e-01,9.481391549545818698e-02,-9.403023453609922200e-01,3.268666711933744806e-01,9.929252188045776251e-01,1.129034068930364204e-01,3.677404755840279343e-02
1.315509125351268793e-01,9.912958451802552640e-01,-5.186977881114376507e-03,3.660714125093957050e-02,3.710275128652291369e-04,9.993296650995697750e-01,-9.906332694900819025e-01,1.316526097992311573e-01,3.623969801809034941e-02
-1.659366084855354584e-01,4.780563754331880189e-01,8.625121123045177418e-01,2.548753611547451836e-01,-8.241286015953570576e-01,5.058167635702865983e-01,9.526298295983368636e-01,3.037666043859393317e-01,1.490831376379801558e-02
1.510361000742282134e-01,-4.962496271601155029e-03,-9.885157915304753073e-01,-9.877579448740996249e-01,-4.022707592337826377e-02,-1.507183621883877167e-01,-3.901716048693307237e-02,9.991782403522454503e-01,-1.097748578353905172e-02
1.298913059262037095e-01,6.923208653186850581e-02,-9.891082685122135620e-01,-9.867869823846930899e-01,1.064640611428729344e-01,-1.221345777455262183e-01,9.684885152079393544e-02,9.919033833390278332e-01,8.214607768903335605e-02
1.740424257736551336e-02,-5.011059393344296370e-03,-9.998359773603192613e-01,-8.758432327431485698e-01,4.822723823407303878e-01,-1.766298076281426488e-02,4.822817889971994232e-01,8.760069854260025268e-01,4.004683072087527121e-03
-7.837148875102626158e-03,-6.438918484625062721e-02,-9.978940885546645490e-01,8.576482904192482826e-01,-5.135585266798765591e-01,2.640169720558733016e-02,-5.141770016623170569e-01,-8.556352450368264195e-01,5.924810893454438010e-02
5.978615444251495631e-02,4.866979683196984152e-02,-9.970240050336355297e-01,-8.809813824646534064e-01,-4.670677280865753733e-01,-7.562764792529888536e-02,-4.693585191382424471e-01,8.828810725439637519e-01,1.495300157080416657e-02
4.685880495143757846e-02,5.583638371871067763e-02,-9.973397368257921336e-01,-2.362606232556636598e-01,9.707268917628294469e-01,4.324603458493531116e-02,9.705592049418563239e-01,2.336056503205624635e-01,5.867904089995486239e-02
1.223540293247693707e-02,3.828301865067133825e-02,9.991920262882768577e-01,9.884232522323697090e-01,-1.515910332622281698e-01,-6.295480988380871071e-03,1.512275416763260161e-01,9.877016599750566561e-01,-3.969460317288282108e-02
-5.442133027656151367e-02,-4.712341682165596124e-01,8.803275967026006343e-01,-4.393769707704866384e-02,8.819103139534265612e-01,4.693651850298807271e-01,-9.975508997472234407e-01,-1.313608951765453392e-02,-6.869967660541936860e-02
7.938237662142075268e-02,2.156427269664472901e-01,9.732402851240844477e-01,4.606405519815727767e-01,8.578941537430921915e-01,-2.276574243101582296e-01,-8.840298185876123149e-01,4.663859295475129008e-01,-3.123210796688655547e-02
2.801801255276836419e-02,-7.723659395255084992e-02,9.966190342990655093e-01,1.323764975049744608e-01,-9.879426451822922450e-01,-8.028569448246050677e-02,9.908034385693808010e-01,1.341783827031172438e-01,-1.745587964748016030e-02
4.411191135465956231e-02,-1.485200952821737752e-01,-9.879250581769917217e-01,-9.637829563549494827e-01,-2.666716094928956449e-01,-2.943761230525140243e-03,-2.630143576239755143e-01,9.522751881614067715e-01,-1.549045309079271904e-01
1.143116162302310196e-01,-3.285074700108957940e-02,-9.929016481083626777e-01,-5.547870577616028642e-01,8.269751311888002832e-01,-9.123295969928039983e-02,8.241020415792308373e-01,5.612779710773772024e-01,7.630769455439356808e-02
-8.039254635398004889e-02,-2.093003747143881155e-01,-9.745411184937966542e-01,-4.645989875384678447e-01,8.728718866181519598e-01,-1.491390302030246029e-01,8.818643995926777057e-01,4.407811505680394037e-01,-1.674131357897624961e-01
8.386379377547766717e-03,3.546386803707321511e-02,9.993357707521457467e-01,3.544409446659750607e-02,9.987323844118004557e-01,-3.573990059531300528e-02,-9.993364722696649327e-01,3.572027982769730714e-02,7.118763983462750647e-03
2.193067733724013771e-02,2.564012745693534587e-02,-9.994306525495012528e-01,2.144369102313334607e-01,9.762846127235660365e-01,2.975174767364097486e-02,-9.764916061707694661e-01,2.149672971016500511e-01,-1.591239312115017360e-02
-1.392997099042433636e-04,1.767046065634625129e-01,9.842639191877566862e-01,9.999973263154260383e-01,-2.247299507398674203e-03,5.449834158185576155e-04,2.308236900817078451e-03,9.842613634925306831e-01,-1.767038210629123252e-01
3.591654052864083624e-02,4.427804629559418947e-02,-9.983734054614533671e-01,9.673614582861843614e-01,2.492172661445893334e-01,4.585371607453123111e-02,-2.508422036637402708e-01,9.674348602731153157e-01,3.388185339464999668e-02
4.093863721033579733e-02,-2.302224017301385817e-01,9.722765417950631761e-01,6.516543093247327834e-01,7.438009025623628645e-01,1.486838205250308742e-01,-7.574105155870665129e-01,6.275012853285807379e-01,1.804756154972555482e-01
2.723644287745070284e-03,-6.332612874257535773e-02,-9.979891698712328729e-01,-4.241247387822459358e-01,9.037122287304554247e-01,-5.850139823905419617e-02,9.055996840296961503e-01,4.234312329782862205e-01,-2.439678716148856175e-02
4.491652356298784371e-02,-2.093051059040437478e-01,-9.768182423324783814e-01,-7.384499493137580695e-01,6.515859344952967813e-01,-1.735725851809518661e-01,6.728106555855991600e-01,7.291276586513419922e-01,-1.252943698658825489e-01
1.580730209382329512e-02,-3.134736542010471694e-01,-9.494653218113638937e-01,-9.924492520267401696e-01,1.105962890410018551e-01,-5.303718508672260884e-02,1.216331013831296326e-01,9.431345232638881360e-01,-3.093584646905912505e-01
1.453893617445374820e-01,-1.202960625980790677e-01,-9.820340069544003514e-01,-9.293890898010020996e-01,3.237543302600334183e-01,-1.772542055826655527e-01,3.392607452246438893e-01,9.384625676931799276e-01,-6.473141268613671895e-02
-1.078278125478229592e-02,-5.920969036983493305e-01,-8.057946315651643987e-01,-8.549663010222208204e-01,4.233698112346103715e-01,-2.996508419002887336e-01,5.185714567393706620e-01,6.856961860518097085e-01,-5.107880036661092138e-01
-1.341108202313300579e-01,-5.183061653254055212e-01,8.446141171461399866e-01,7.361755690183423573e-01,5.184443922116624970e-01,4.350413127104129640e-01,-6.633700471662853371e-01,6.801280255730925983e-01,3.120353335003061557e-01
1.124070840438400332e-01,-1.156589209828615822e-01,-9.869081322260148115e-01,-7.996462667459670604e-01,-6.001127565604615910e-01,-2.074915643205346716e-02,-5.898563346578544753e-01,7.915097557266645989e-01,-1.599431494422845768e-01
-7.999609968431448115e-02,-3.766838969720440883e-02,-9.960831875164428695e-01,7.364807004777053079e-01,6.711566033028936173e-01,-8.452805254346669461e-02,-6.717118443642078329e-01,7.403579581935632037e-01,2.594786851153990312e-02
-1.769099458031463123e-01,-4.480998964461041512e-02,-9.832064563986436800e-01,9.505218070764199778e-01,2.514095852807062270e-01,-1.824870261173661690e-01,-2.553647691990906243e-01,9.668429475654425342e-01,1.883983774330518423e-03
3.289619789614389722e-02,-1.385434484642881006e-02,-9.993627455998417286e-01,-9.291715585474417116e-01,3.679221448997063160e-01,-3.568627297600254766e-02,3.681820948260465798e-01,9.297533825812498431e-01,-7.698235046155639527e-04
1.094367967632646071e-01,-1.085509983384783522e-01,-9.880487175609893313e-01,-9.939878123300641688e-01,-8.513589928346453756e-03,-1.091592768656197560e-01,3.437506871126527579e-03,9.940544248411410377e-01,-1.088300693754227499e-01
1.660677372285601638e-01,-9.730205741756821347e-02,-9.813021024506644041e-01,-9.797474329376812952e-01,9.661829463086848979e-02,-1.753849275013289466e-01,1.118770499423794446e-01,9.905539938665289812e-01,-7.928625941018671575e-02
-5.345161461822887407e-03,1.513685158861185001e-02,-9.998711441845550274e-01,9.044373720513655401e-01,4.266033345034125901e-01,1.623276744512387607e-03,-4.265729354820426700e-01,9.043121533599743911e-01,1.597059797500837916e-02
-1.378115562518670567e-01,9.038968686734872859e-01,-4.049424968630765953e-01,-8.492697684835455452e-02,-4.181217076471229754e-01,-9.044123209010659359e-01,9.868107131394742160e-01,9.024792738073315890e-02,-1.343872316726714700e-01
1.411719787841905493e-01,-9.891007483369435027e-01,-4.183517712947643769e-02,-2.959357762241634354e-02,3.802322859894553819e-02,-9.988385526452303598e-01,-9.895426683926583644e-01,-1.422460675245925399e-01,2.390321535122313587e-02
2.295308753684848213e-01,9.641871497189802298e-01,-1.328861075107767020e-01,3.934189332935877914e-02,1.272287169193190570e-01,9.910928659920446027e-01,-9.725059345226837459e-01,2.327144041692574827e-01,8.730029227282217613e-03
-1.539730261454913263e-01,4.211873103782482475e-01,8.938084564356821859e-01,-2.005427495245911962e-01,-8.990891260755211611e-01,3.891289618955039997e-01,9.675096448267153093e-01,-1.193314415780378224e-01,2.229015348044746658e-01
7.371560782542406487e-02,1.416489906987575785e-02,9.971787025389525772e-01,3.907255833562765512e-01,-9.203714227110684210e-01,-1.581021086833242495e-02,9.175508311117295257e-01,3.907886895639942071e-01,-7.338032730255637792e-02
4.712481210791354125e-03,-1.219279149515528071e-01,-9.925277709345995403e-01,-6.325648490962675341e-01,7.683594754635514334e-01,-9.739316276408997719e-02,7.744930627246793264e-01,6.282971430946848734e-01,-7.350643353069606645e-02
4.721806757580472580e-02,1.069069693999465942e-01,9.931471965364074839e-01,8.240427157841286043e-02,9.904502339874904360e-01,-1.105344743496652765e-01,-9.954797788604438091e-01,8.705879558002400931e-02,3.795755513883506543e-02
-8.293476690471224266e-02,-8.062987202771206841e-01,-5.856656026419329031e-01,-2.014927176916238294e-03,-5.875533352564845657e-01,8.091829325297541509e-01,9.965529411460954945e-01,-6.828947143197491854e-02,-4.710396569938363892e-02
-1.439008411986098246e-01,-3.804790013585948039e-01,9.135251925521808980e-01,5.988700333465893921e-01,-7.683860080430503503e-01,-2.256936547692922068e-01,7.878116723315208292e-01,5.146053557521840238e-01,3.384288651539352211e-01
7.063851373376650589e-01,6.963697778620249190e-01,-1.268430929488972569e-01,2.088810179960482738e-01,-3.386097131929591275e-02,9.773546720317290992e-01,-6.763052255227537390e-01,7.168839286116740483e-01,1.693773149772691278e-01
-3.062550504485241354e-01,-2.354583573385861384e-01,9.223704277751899605e-01,-5.957398372459639102e-01,8.031450229853749345e-01,7.219305504948362283e-03,7.424970642318556857e-01,5.472818597516606598e-01,3.862391430109583523e-01
8.395380169742326648e-02,2.255320064619546483e-01,-9.706117005485741522e-01,1.067893245846476963e-01,-9.704771790541001364e-01,-2.162639246151580041e-01,-9.907309419490765157e-01,-8.549478929409078110e-02,-1.055596592844744441e-01
1.009279004013598074e-01,-9.910734125284182960e-01,8.710367328562375333e-02,3.485005406794890875e-02,9.101881961432106705e-02,9.952391914547360496e-01,9.942831752835981085e-01,9.741183426715289972e-02,-4.372530037260530245e-02
-9.083963187871549327e-02,-7.621829675200211263e-01,-6.409565393242467879e-01,6.590875222323099546e-03,-6.440635841535282680e-01,7.649435665008983420e-01,9.958437235048195335e-01,-6.526272741531456700e-02,-6.352995172649709976e-02
3.358252673805395966e-02,-2.914091238028737076e-03,-9.994316995023444505e-01,6.524373855468171834e-01,7.575861767422034099e-01,1.971402419509672363e-02,-7.570981916757704155e-01,6.527286518005682714e-01,-2.734292010540947948e-02
1.488180764286501923e-01,-9.270872463716346434e-01,-3.440383957396855874e-01,-7.055263740500574698e-01,1.442327733540774981e-01,-6.938511674778454763e-01,6.928821802066024160e-01,3.459857579520455029e-01,-6.326200594721087533e-01
-1.744048300763149928e-01,-3.375231226732212098e-01,-9.250195116358190806e-01,3.370127933517246266e-01,8.622209284235641258e-01,-3.781500333276130443e-01,9.252055622202663976e-01,-3.776946018270906924e-01,-3.662588411705522407e-02
1.764507056650183592e-01,-5.218421625570332512e-02,-9.829252036874904785e-01,-9.298698167096888234e-01,3.186587780381576751e-01,-1.838442469905375298e-01,3.228115122522839942e-01,9.464319261061550081e-01,7.703038646355862655e-03
8.846816581859769935e-01,4.660526787177262653e-01,-1.154401703664089361e-02,6.045171308420465434e-02,-9.012862340231472813e-02,9.940937690322722009e-01,-4.622596175900456905e-01,8.801543795855564234e-01,1.079088228175486969e-01
7.254981183109239506e-02,-1.003415252394800616e-01,-9.923044407417955792e-01,-9.667109231282982051e-01,2.376955828621430122e-01,-9.471431249953460307e-02,2.453701609970259934e-01,9.661430474833634374e-01,-7.975647868262890350e-02
2.356020595250887112e-02,1.214552071723931093e-01,9.923172624449231316e-01,-5.356971717598325577e-01,8.395955198842645073e-01,-9.004389573307242101e-02,-8.440814278634448664e-01,-5.294600982519670485e-01,8.484425434303241587e-02
6.732353740936440623e-02,-6.656292537731116343e-02,-9.955083717759005690e-01,-7.551200550551727675e-01,6.487480320843252990e-01,-9.444412803445460802e-02,6.521205745597687953e-01,7.580866492901255915e-01,-6.586987468267913905e-03
8.584065811388666423e-03,-5.772583720135920221e-02,-9.982955682229327499e-01,5.442918058131546166e-01,8.377537129379228897e-01,-4.376238777054548834e-02,8.388520393602206804e-01,-5.429884383466434539e-01,3.861103317799829959e-02
7.485701472955637314e-02,1.777091403573957396e-01,-9.812318221395056606e-01,9.882111199844810789e-01,1.185604781161224697e-01,9.686173324845040455e-02,1.335485293247240801e-01,-9.769149781134036648e-01,-1.667390651673795188e-01
2.945027512828251107e-02,1.251641814867681113e-01,-9.916988499376289123e-01,-1.683048690596343766e-01,-9.773431518579773769e-01,-1.283504365677570758e-01,-9.852949570284463832e-01,1.706877007550985370e-01,-7.717283540873322821e-03
6.402475543330779506e-02,2.289846089330732290e-02,9.976855672908286898e-01,-1.678989217867639036e-02,9.996199297818515461e-01,-2.186539511544292533e-02,-9.978070606145926780e-01,-1.535110652831575724e-02,6.438488421999953581e-02
-2.562130944832613152e-02,-1.553427298521448952e-01,-9.875283210036241988e-01,-7.479177566401207233e-02,9.853818615387063273e-01,-1.530646178695048709e-01,9.968699708563685258e-01,6.993728070633720151e-02,-3.686513220138769309e-02
-3.230335585485292343e-02,7.686282734615157430e-01,-6.388795429782397894e-01,-3.452272735033794504e-01,5.912906578923959877e-01,7.288302185822154167e-01,9.379630178370241822e-01,2.441023046280943187e-01,2.462507706491807724e-01
-9.830130859620804518e-03,-7.404964422539074276e-01,-6.719883834833676461e-01,-1.113652091805649863e-01,-6.670294493903791144e-01,7.366610508436939320e-01,9.937309287284217252e-01,-8.207760142251435687e-02,7.590855441434225803e-02
-1.843365218093853328e-03,-3.142328794477162734e-01,-9.493441417519093983e-01,-3.600018580700208859e-01,8.859019339543925398e-01,-2.925344861755610482e-01,9.329497650949943877e-01,3.412264070816678485e-01,-1.147574612795643489e-01
-3.374928988814406786e-03,-2.019411180306090459e-01,-9.793918494161915067e-01,-7.954358374803095766e-02,9.763482749070881983e-01,-2.010394597348312551e-01,9.968256759026827840e-01,7.722584369562095208e-02,-1.935822633040159071e-02
1.658267052335014313e-01,-2.709350637375049220e-01,-9.482065677208504351e-01,-9.610309082015220383e-01,1.712572732940625675e-01,-2.170035479554202063e-01,2.211811414039612234e-01,9.472408023208445105e-01,-2.319779409896635669e-01
5.193677937855437077e-02,4.268721402933408487e-02,-9.977376271877277381e-01,1.327720041966918250e-02,-9.990272310295901237e-01,-4.205124980741818674e-02,-9.985621096841195143e-01,-1.106315595857649929e-02,-5.245302358717630897e-02
4.664600874541813269e-02,-8.804512135151809638e-02,9.950237215636212884e-01,-1.436839216288534893e-01,-9.863407511200840139e-01,-8.054100412350388705e-02,9.885236873911904532e-01,-1.392119940452878069e-01,-5.865952761878372168e-02
-1.875835264071180342e-01,-5.936361737566171470e-01,-7.825653415710879246e-01,-4.275606862330185720e-01,7.666174191995263065e-01,-4.790507198280867796e-01,8.843100588643216797e-01,2.447321511110899794e-01,-3.976202887226937266e-01
5.091402904402836556e-03,-9.934559015732900844e-02,-9.950399646912465590e-01,-7.745391658917374356e-01,6.289927480732891985e-01,-6.676229003669127693e-02,6.325054609378456538e-01,7.710373379982993214e-01,-7.374459503109136171e-02
-5.367781536331319575e-02,-4.657940574007384815e-01,-8.832636006470433454e-01,-3.442261937911004765e-01,8.389519771767113276e-01,-4.215067110964880737e-01,9.373510653143323212e-01,2.814169079523196615e-01,-2.053716247991475841e-01
-1.053274398730981998e-01,5.551095706323143641e-01,8.250815080961306780e-01,-3.864081186580699268e-02,-8.313546226870064393e-01,5.543973114971767480e-01,9.936865793941921376e-01,2.651143016422715173e-02,1.090143385179996732e-01
2.770424451064794000e-02,5.354882475615570410e-03,-9.996018207615304796e-01,-9.197729701115604506e-01,3.917530402262803246e-01,-2.339313843042429078e-02,3.914717847920240468e-01,9.200548248377041771e-01,1.577849817341381647e-02
-4.626572294406879060e-02,-3.399719797648249608e-01,-9.392968305361454329e-01,-1.814958066749824128e-01,9.275140056487574114e-01,-3.267675649216033595e-01,9.823027817530906036e-01,1.553602983396411286e-01,-1.046155947263966018e-01
1.100764239579199305e-01,-1.211090878878642585e-01,-9.865169890679055253e-01,-9.059591740352420652e-01,3.960134793296545830e-01,-1.497040385914923111e-01,4.088045448255413494e-01,9.102230018079034979e-01,-6.612814158730899450e-02
2.464746923372104215e-01,7.227779791716185120e-02,-9.664502811658359782e-01,-8.282337521397902247e-01,-5.021336981835878843e-01,-2.487782164196008505e-01,-5.032683954449372887e-01,8.617642769787567936e-01,-6.390033700661294780e-02
1.453390739227734818e-01,-1.760083533195809236e-01,-9.736003354318446545e-01,-9.842319400213663805e-01,-1.259943051378049073e-01,-1.241487950590704631e-01,-1.008168727597119202e-01,9.762922178500507142e-01,-1.915449386759691397e-01
1.066107641530072286e-01,-6.098584386618947223e-02,-9.924287741770897453e-01,-9.940455342351157686e-01,-2.915425533945513459e-02,-1.049928819626606141e-01,-2.253044238214524722e-02,9.977127623938318868e-01,-6.373086318679693774e-02
1.358123445337083290e-01,-2.390280675218325324e-01,-9.614679349874521996e-01,-9.885654837850114118e-01,3.148749009921469888e-02,-1.474680380155586057e-01,6.552321223172485887e-02,9.705019942813255529e-01,-2.320185073540605436e-01
1.810116493477724464e-01,-4.489278256290030744e-01,-8.750420505189534515e-01,-8.454871087163644550e-01,3.834631929528751204e-01,-3.716282129290355285e-01,5.023806642326531513e-01,8.071058090649585459e-01,-3.101513842928269038e-01
3.386893962164069238e-01,-5.377071157834190790e-02,-9.393605290126492147e-01,-8.635118511035367872e-01,-4.142669645450888782e-01,-2.876285192576380489e-01,-3.736800448168309252e-01,9.085656787832989689e-01,-1.867394747843484359e-01
1.556626956091770320e-01,2.501078186985318808e-01,-9.556229404014675577e-01,-9.578455478740428575e-01,-1.982535310271731632e-01,-2.079121060764201889e-01,-2.414560655969519853e-01,9.477033377914841905e-01,2.087039815751496330e-01
2.049797090025323731e-02,-9.976660205562581929e-01,-6.513328347636350435e-02,6.047954781439587868e-02,6.626499982581163239e-02,-9.959674563429530281e-01,-9.979589457914281869e-01,-1.647608040539975255e-02,-6.169668783116476901e-02
1.176577002983486553e-01,9.797926323425707462e-01,1.617500020640482705e-01,-2.000606398595142568e-02,1.651869616814771180e-01,-9.860593415683623908e-01,9.928526693141805914e-01,-1.127814935956164694e-01,-3.903731212632335218e-02
-3.749073906544471146e-01,2.542166947530872800e-01,-8.915258384037386685e-01,-2.594318861236078466e-01,8.944754285368042845e-01,3.641549178663497366e-01,8.900222159558835999e-01,3.678145998362704616e-01,-2.693935323133486714e-01
1.388553895173359198e-01,9.813299295478437045e-01,1.330817424578333852e-01,1.049109077069847323e-01,-1.482038779637213366e-01,9.833764853811642892e-01,-9.847400074365242340e-01,1.225853985193118001e-01,1.235311208715279413e-01
1.598636385701753260e-01,-9.816999816660627598e-01,-1.034831535079806797e-01,-6.694387534025560312e-03,1.037508094916441831e-01,-9.945807934528864136e-01,-9.871164076433176504e-01,-1.596900608262159793e-01,-1.001410179051662186e-02
9.634098294466358903e-01,2.643653893243236852e-01,-4.418643969593737120e-02,9.241183068802440170e-02,-1.728715830004175780e-01,9.805995458594796155e-01,-2.515980009350071711e-01,9.488025910158175424e-01,1.909766718926153295e-01
5.127811098020411684e-01,-8.208559653181146665e-01,2.514975499519878643e-01,-7.634104295670928186e-01,-5.699873698360490293e-01,-3.038402775399776656e-01,-3.927595313399457333e-01,3.619229792441101823e-02,9.189287611738881090e-01
6.490120302911316086e-02,9.937890779502952521e-01,9.039415020938004752e-02,4.212483746529678552e-02,-9.323284864933138738e-02,9.947528004490631126e-01,-9.970021724720042888e-01,6.075281458033961884e-02,4.791412742261590835e-02
9.870456442066058989e-01,-2.815723016257705436e-02,1.579495699340087711e-01,1.587773313196871316e-01,3.008034138627669815e-02,-9.868560848072445157e-01,2.303595693182669546e-02,9.991508111649896051e-01,3.416139980414035354e-02
-1.110014886721124583e-01,-2.114715428909472728e-01,-9.710604801246404127e-01,8.486636182790661120e-01,4.882833176638909367e-01,-2.033456778508647422e-01,-5.171544571228777754e-01,8.466753735868702835e-01,-1.252680295984379411e-01
-1.491610027157541096e-01,4.611775394644332948e-01,8.746806687942534353e-01,7.280616777748876167e-01,-5.473317569947250272e-01,4.127397983484056843e-01,6.690868319018440369e-01,6.983861574219512036e-01,-2.541251394430609767e-01
9.957595308971798342e-01,1.413144543216172944e-02,-9.090246903922045985e-02,-7.836242132632176283e-02,-3.873258996008555055e-01,-9.186065416827076113e-01,-4.819011881397098490e-02,9.218345566035078820e-01,-3.845760818099713263e-01
1.686335817394804884e-02,-9.996588592001245388e-01,1.994473298399324079e-02,-2.769882476795731616e-02,1.947284499802819091e-02,9.994266273289684754e-01,9.994740628238291125e-01,1.740613484919667497e-02,2.736099800885276670e-02
6.062351012667509254e-02,9.972986419123798241e-01,-4.147540065682365357e-02,3.012114301353531476e-02,3.970506902696124829e-02,9.987573400166439574e-01,-9.977061224446199805e-01,6.179746219131779239e-02,2.763271436601133502e-02
-9.272508036533294584e-01,1.407509914143874608e-01,-3.469799785868369901e-01,-1.904627912351018471e-01,6.205326580491460353e-01,7.606991162407084062e-01,3.223815631812538274e-01,7.714456420969195705e-01,-5.485815791753156923e-01
-1.856893666185187308e-01,-6.107588296781643056e-01,-7.697357410793473909e-01,1.962184519639458280e-01,7.445336473386228171e-01,-6.380971454955115529e-01,9.628176245965204272e-01,-2.695242103240567677e-01,-1.840982931772373876e-02
-1.084500967484479106e-01,9.120008630985575460e-01,3.955919643050637702e-01,9.679050613282117604e-03,-3.969514729963977695e-01,9.177885617424176301e-01,-9.940547733875019221e-01,-1.033632129603004185e-01,-3.422212313761043012e-02
2.658437671085554510e-01,-9.433128682238826057e-01,-1.987156866801518817e-01,-9.498426815346582286e-01,-2.915271787053483332e-01,1.131847357692263717e-01,1.646996412399918119e-01,-1.586591841631986022e-01,9.734995076814810799e-01
1.362833142082137960e-01,-2.720775398993113270e-01,-9.525758082959928652e-01,-9.844106690130071113e-01,-1.451105476725368937e-01,-9.939096381231275756e-02,-1.111867483191654321e-01,9.512711186809548192e-01,-2.876121794390761321e-01
1.077135586696319029e-02,3.770545706491869042e-01,-9.261284082919303273e-01,9.967394414424615157e-01,7.001819742506364130e-02,4.009910101628812867e-02,7.996539104985904423e-02,-9.235406340718864682e-01,-3.750709712205692603e-01
1.072124727011047746e-01,-3.000868270273112509e-02,-9.937831577662008531e-01,1.706741355264045912e-01,9.852622886789257350e-01,-1.133851707584906769e-02,-9.794773224325457051e-01,1.683974508999814268e-01,-1.107541122069921891e-01
-2.739834979117063973e-01,8.379641574647765934e-01,4.719630427018766672e-01,8.287591622928677237e-01,-4.326694480903058720e-02,5.579303024594706173e-01,-4.879459947450025536e-01,-5.440073917615821930e-01,6.826160442892258429e-01
-5.348433503781784004e-02,-6.126060203298274720e-01,7.885767494424458235e-01,9.982629013891354264e-01,-1.325976565260456215e-02,5.740521165350000871e-02,-2.471043536054256737e-02,7.902771934394215991e-01,6.122510530115916616e-01
1.590455862090196515e-01,-2.205136171628522407e-02,9.870249434304519953e-01,2.096212699614430353e-01,9.777098211535595329e-01,-1.193435375820978833e-02,-9.647608121639172918e-01,2.087995284150134523e-01,1.601228660950300697e-01
1.133422466305709919e-01,-9.478876051925597679e-01,2.977626958687896730e-01,-9.934269818526728635e-01,-1.032888144396527652e-01,4.933814486520514409e-02,1.601146014028072273e-02,3.013975924488528912e-01,9.533641090424007647e-01
-5.583837477862826047e-03,-3.382596618498834862e-01,-9.410362489958732368e-01,-7.737789873705708255e-01,5.975617177224777921e-01,-2.102048339509244301e-01,6.334310534405419579e-01,7.269803261971842234e-01,-2.650749061292693720e-01
-3.413596119836545171e-04,1.805775172620704971e-01,9.835606965170383686e-01,-9.866382012888162967e-01,-1.603086333493213278e-01,2.908954848811421551e-02,1.629261895190110554e-01,-9.704086264729615552e-01,1.782193997175270939e-01
1.690233234723397815e-01,-1.190225402304782021e-01,-9.783990755512032012e-01,-9.854826028286158834e-01,-4.320411947367430727e-03,-1.697214587574052413e-01,1.597359209762403212e-02,9.928821526030615630e-01,-1.180248931277189384e-01
9.019588804516760761e-02,3.493667718130661487e-02,-9.953110721614990553e-01,-3.832648891030679961e-01,9.236355796972914867e-01,-2.310995037094778354e-03,9.192239806274402625e-01,3.816762299446715412e-01,9.669813304643361251e-02
-1.442341125618225479e-02,-2.467473707406195871e-01,-9.689724971537253539e-01,-4.710614629727951641e-01,8.564714034390616959e-01,-2.110872644027913247e-01,8.819824620193219555e-01,4.534010036642128205e-01,-1.285864167267281311e-01
4.664727163990321779e-02,-4.431106923144337295e-02,-9.979281342822837741e-01,-3.156186073403806636e-01,9.471839230173543234e-01,-5.681118444437977671e-02,9.477388494459175750e-01,3.176147747209203676e-01,3.019814778934846664e-02
-1.460359072405546799e-01,-5.716130789399416212e-01,8.074230624531526512e-01,9.887041618798280140e-01,-5.650520253426683653e-02,1.388209003286912380e-01,-3.372823858334460245e-02,8.185753783686395835e-01,5.734080186487661157e-01
-2.154947181477718243e-01,7.812415222435153961e-01,-5.858529767553013468e-01,-3.048061184895678455e-01,-6.237872037213785248e-01,-7.197101879262142177e-01,9.277150729516772110e-01,-2.347782775510312211e-02,-3.725500436480523869e-01
-3.333476081670655455e-02,-9.607729371759045345e-02,-9.948155343344801116e-01,-4.786484888989267494e-01,8.753305243240201428e-01,-6.849888511071049180e-02,8.773735907787897359e-01,4.738835582910004285e-01,-7.516618511932657287e-02
3.267330911932705972e-01,9.241684855629949125e-01,-1.978840504221851815e-01,1.591798748713313949e-01,1.525744543292525401e-01,9.753885396712830280e-01,-9.316154005571383179e-01,3.501908710665243007e-01,9.725790079182203285e-02
7.263787517319500453e-02,9.771365970181749017e-01,-1.998194431432141482e-01,-4.191813571444440861e-02,2.031626670886139685e-01,9.782473105506941380e-01,-9.964770990788240912e-01,6.268174749623298125e-02,-5.571704893719469504e-02
9.506613550688877701e-02,-2.778792187511281431e-01,-9.559003973563607870e-01,-9.950547708790010715e-01,-5.429012856388956698e-02,-8.317803130307305226e-02,-2.878250911099512407e-02,9.590806648696338366e-01,-2.816661950651808133e-01
5.347902800678498020e-02,7.627202309193538421e-02,-9.956518327492362985e-01,-5.053839933170578558e-01,-8.578830636749714689e-01,-9.286370851171635299e-02,-8.612357475525233008e-01,5.081527600565682867e-01,-7.332092780246998211e-03
1.581163926456001165e-02,-3.030355642555225548e-02,-9.994156725465789259e-01,-9.921457206139024931e-01,-1.245180992595640579e-01,-1.192107479658743689e-02,-1.240840889529672281e-01,9.917544743658828210e-01,-3.203437909439454251e-02
4.908772857121816713e-02,-1.512099551073909920e-01,-9.872820996959983386e-01,-5.382309344341422719e-01,8.286679572122405135e-01,-1.536778380503919239e-01,8.413666597398951064e-01,5.389294630711083389e-01,-4.070844767389548979e-02
1.134713174467695714e-02,-6.786774958992963791e-02,-9.976297966514269255e-01,-9.964059778987163218e-01,8.298704536500442486e-02,-1.697873697567549300e-02,8.394265786161059228e-02,9.942369530786839826e-01,-6.668216646108185430e-02
-1.430569032232889004e-01,-3.252266380072473817e-01,-9.347525642493126341e-01,-9.297232297657010980e-01,3.679830080042217344e-01,1.425559027883498836e-02,3.393367626329276687e-01,8.711005336645523123e-01,-3.550132698578135626e-01
7.088188970994033777e-01,-7.048203570035291854e-01,2.835551918416814518e-02,5.519524925821639449e-02,9.549376070274646910e-02,9.938985995191713663e-01,7.032277409019848102e-01,7.029290191906037988e-01,-1.065905174282695683e-01
9.281861641143085428e-01,-1.860453992015275448e-01,-3.222693813918880434e-01,-3.274276331071396817e-01,-8.198286918967910841e-01,-4.697574491380125949e-01,-1.768094732321266460e-01,5.415422655515824690e-01,-8.218700534735631225e-01
1.371000870403880634e-01,-9.811379777424735771e-01,1.362785190884005515e-01,-3.474820292824241236e-02,1.327292986568691380e-01,9.905430307015002933e-01,9.899475382699709503e-01,1.405389693624698177e-01,1.589558315253453147e-02
3.823566400602425308e-02,5.879519363836181733e-02,9.975375477660207713e-01,1.962482459550909664e-01,9.783849347564175236e-01,-6.518853734538604394e-02,-9.798084812643583774e-01,1.982575210344068306e-01,2.587074401178395336e-02
